1 29522U 06050A   23208.06383286  .00000126  00000-0  88491-4 0  9995
2 29522  98.7530 220.2701 0009834 182.7163 177.3958 14.14267316863091
1 29522U 06050A   23208.41757119  .00000135  00000-0  93366-4 0  9991
2 29522  98.7531 220.6168 0009855 181.6652 178.4490 14.14267472863149
1 29522U 06050A   23208.55906652  .00000128  00000-0  89629-4 0  9993
2 29522  98.7531 220.7555 0009861 181.2523 178.8627 14.14267489863166
1 29522U 06050A   23208.70056184  .00000127  00000-0  89122-4 0  9993
2 29522  98.7531 220.8942 0009869 180.8406 179.2752 14.14267519863180
1 29522U 06050A   23208.91280476  .00000125  00000-0  88024-4 0  9997
2 29522  98.7531 221.1022 0009892 180.2605 179.8565 14.14267611863219
1 29522U 06050A   23209.12504771  .00000124  00000-0  87576-4 0  9998
2 29522  98.7531 221.3102 0009903 179.6541 180.4640 14.14267685863240
1 29522U 06050A   23209.40803833  .00000116  00000-0  83471-4 0  9991
2 29522  98.7531 221.5876 0009920 178.8353 181.2844 14.14267733863284
1 29522U 06050A   23209.47878599  .00000116  00000-0  83681-4 0  9992
2 29522  98.7531 221.6569 0009923 178.6319 181.4883 14.14267758863290
1 29522U 06050A   23209.76177655  .00000119  00000-0  85115-4 0  9996
2 29522  98.7531 221.9342 0009934 177.8130 182.3088 14.14267831863330
1 29522U 06050A   23210.11551470  .00000123  00000-0  87136-4 0  9998
2 29522  98.7531 222.2809 0009956 176.8240 183.2998 14.14267982863389
1 29522U 06050A   23210.39850520  .00000128  00000-0  89721-4 0  9993
2 29522  98.7532 222.5583 0009967 175.9928 184.1326 14.14268102863422
1 29522U 06050A   23210.75224336  .00000125  00000-0  88347-4 0  9993
2 29522  98.7532 222.9050 0009979 174.9976 185.1299 14.14268184863475
1 29522U 06050A   23211.10598141  .00000130  00000-0  91016-4 0  9994
2 29522  98.7532 223.2517 0009995 174.0109 186.1185 14.14268340863529
1 29522U 06050A   23211.45971954  .00000127  00000-0  89091-4 0  9995
2 29522  98.7533 223.5984 0010011 173.0104 187.1211 14.14268408863577
1 29522U 06050A   23211.74270993  .00000129  00000-0  90218-4 0  9997
2 29522  98.7532 223.8757 0010040 172.2122 187.9208 14.14268501863613
1 29522U 06050A   23212.02570030  .00000135  00000-0  93220-4 0  9997
2 29522  98.7533 224.1531 0010057 171.4407 188.6939 14.14268642863652
1 29522U 06050A   23212.37943825  .00000138  00000-0  94852-4 0  9996
2 29522  98.7533 224.4998 0010079 170.4359 189.7008 14.14268794863704
1 29522U 06050A   23212.73317623  .00000155  00000-0  10372-3 0  9990
2 29522  98.7533 224.8465 0010104 169.4653 190.6734 14.14268956863753
1 29522U 06050A   23213.08691408  .00000159  00000-0  10568-3 0  9996
2 29522  98.7533 225.1931 0010124 168.4952 191.6454 14.14269133863802
1 29522U 06050A   23213.79438983  .00000153  00000-0  10284-3 0  9990
2 29522  98.7533 225.8865 0010166 166.5030 193.6417 14.14269373863905
1 29522U 06050A   23214.14812761  .00000150  00000-0  10114-3 0  9999
2 29522  98.7534 226.2332 0010187 165.5319 194.6148 14.14269533863957
1 29522U 06050A   23214.36037030  .00000142  00000-0  96974-4 0  9991
2 29522  98.7534 226.4412 0010207 164.9584 195.1894 14.14269585863982
1 29522U 06050A   23214.71410803  .00000136  00000-0  93885-4 0  9994
2 29522  98.7534 226.7879 0010227 163.9794 196.1704 14.14269720864035
1 29522U 06050A   23215.13859315  .00000154  00000-0  10317-3 0  9994
2 29522  98.7534 227.2039 0010256 162.8189 197.3333 14.14270022864091
1 29522U 06050A   23215.42158333  .00000159  00000-0  10602-3 0  9990
2 29522  98.7534 227.4813 0010275 162.0378 198.1160 14.14270164864135
1 29522U 06050A   23215.77532094  .00000157  00000-0  10474-3 0  9993
2 29522  98.7534 227.8279 0010292 161.0555 199.1002 14.14270289864189
1 29522U 06050A   23216.12905847  .00000157  00000-0  10495-3 0  9996
2 29522  98.7534 228.1746 0010311 160.0880 200.0698 14.14270462864236
1 29522U 06050A   23216.41204851  .00000145  00000-0  98574-4 0  9997
2 29522  98.7535 228.4520 0010331 159.2993 200.8601 14.14270503864279
1 29522U 06050A   23216.76578601  .00000147  00000-0  99809-4 0  9996
2 29522  98.7534 228.7987 0010341 158.2944 201.8669 14.14270650864328
1 29522U 06050A   23217.11952343  .00000151  00000-0  10189-3 0  9993
2 29522  98.7535 229.1454 0010363 157.3364 202.8268 14.14270837864371
1 29522U 06050A   23217.40251333  .00000156  00000-0  10418-3 0  9996
2 29522  98.7535 229.4228 0010382 156.5531 203.6117 14.14270971864417
1 29522U 06050A   23217.75625075  .00000160  00000-0  10642-3 0  9996
2 29522  98.7535 229.7695 0010396 155.5780 204.5888 14.14271109864462
1 29522U 06050A   23218.18073561  .00000142  00000-0  96994-4 0  9996
2 29522  98.7535 230.1855 0010415 154.4183 205.7507 14.14271163864521
1 29522U 06050A   23218.46372546  .00000144  00000-0  98306-4 0  9993
2 29522  98.7535 230.4629 0010435 153.6580 206.5126 14.14271279864565
1 29522U 06050A   23218.81746276  .00000140  00000-0  95862-4 0  9997
2 29522  98.7535 230.8095 0010452 152.7009 207.4715 14.14271366864618
1 29522U 06050A   23219.17120003  .00000144  00000-0  98091-4 0  9992
2 29522  98.7535 231.1563 0010474 151.7802 208.3941 14.14271508864660
1 29522U 06050A   23219.38344237  .00000143  00000-0  97363-4 0  9992
2 29522  98.7535 231.3643 0010488 151.2180 208.9574 14.14271582864693
1 29522U 06050A   23219.80792700  .00000153  00000-0  10300-3 0  9997
2 29522  98.7535 231.7803 0010507 150.0681 210.1095 14.14271769864757
1 29522U 06050A   23220.09091672  .00000151  00000-0  10154-3 0  9995
2 29522  98.7535 232.0577 0010522 149.3288 210.8503 14.14271900864792
1 29522U 06050A   23220.44465385  .00000170  00000-0  11183-3 0  9994
2 29522  98.7535 232.4044 0010543 148.3633 211.8175 14.14272145864845
1 29522U 06050A   23220.65689619  .00000153  00000-0  10302-3 0  9998
2 29522  98.7535 232.6124 0010550 147.7749 212.4070 14.14272109864879
1 29522U 06050A   23221.08138066  .00000156  00000-0  10434-3 0  9990
2 29522  98.7536 233.0284 0010574 146.6713 213.5128 14.14272310864934
1 29522U 06050A   23221.43511778  .00000149  00000-0  10073-3 0  9995
2 29522  98.7536 233.3751 0010595 145.7267 214.4592 14.14272394864985
1 29522U 06050A   23221.71810741  .00000139  00000-0  95619-4 0  9997
2 29522  98.7536 233.6525 0010607 144.9582 215.2291 14.14272433865027
1 29522U 06050A   23222.07184434  .00000145  00000-0  98561-4 0  9996
2 29522  98.7536 233.9992 0010628 144.0490 216.1400 14.14272628865073
1 29522U 06050A   23222.35483390  .00000139  00000-0  95184-4 0  9991
2 29522  98.7537 234.2765 0010644 143.2893 216.9011 14.14272705865119
1 29522U 06050A   23222.77931818  .00000137  00000-0  94348-4 0  9999
2 29522  98.7537 234.6925 0010664 142.1576 218.0348 14.14272858865170
1 29522U 06050A   23223.06230764  .00000138  00000-0  94827-4 0  9997
2 29522  98.7537 234.9699 0010678 141.4211 218.7727 14.14273008865215
1 29522U 06050A   23223.48679186  .00000140  00000-0  95969-4 0  9999
2 29522  98.7537 235.3859 0010696 140.2543 219.9416 14.14273184865272
1 29522U 06050A   23223.69903393  .00000137  00000-0  94616-4 0  9996
2 29522  98.7537 235.5939 0010706 139.6945 220.5024 14.14273242865305
1 29522U 06050A   23224.05277066  .00000139  00000-0  95202-4 0  9992
2 29522  98.7537 235.9406 0010722 138.7711 221.4274 14.14273401865356
1 29522U 06050A   23224.40650738  .00000141  00000-0  96727-4 0  9998
2 29522  98.7538 236.2873 0010740 137.8342 222.3659 14.14273546865402
1 29522U 06050A   23224.83099136  .00000155  00000-0  10401-3 0  9993
2 29522  98.7538 236.7034 0010754 136.6874 223.5147 14.14273743865468
1 29522U 06050A   23225.04323336  .00000148  00000-0  10012-3 0  9999
2 29522  98.7538 236.9114 0010762 136.1274 224.0756 14.14273801865497
1 29522U 06050A   23225.46771731  .00000139  00000-0  95226-4 0  9992
2 29522  98.7538 237.3274 0010781 134.9941 225.2107 14.14273903865550
1 29522U 06050A   23225.75070658  .00000134  00000-0  92752-4 0  9990
2 29522  98.7538 237.6048 0010792 134.2363 225.9698 14.14273957865590
1 29522U 06050A   23226.10444312  .00000138  00000-0  94799-4 0  9999
2 29522  98.7538 237.9515 0010803 133.3156 226.8920 14.14274099865647
1 29522U 06050A   23226.45817965  .00000137  00000-0  94480-4 0  9991
2 29522  98.7538 238.2982 0010819 132.3860 227.8230 14.14274212865694
1 29522U 06050A   23226.81191613  .00000146  00000-0  98966-4 0  9999
2 29522  98.7538 238.6449 0010833 131.4655 228.7450 14.14274342865748
1 29522U 06050A   23227.09490526  .00000147  00000-0  99566-4 0  9993
2 29522  98.7538 238.9223 0010845 130.7584 229.4533 14.14274475865788
1 29522U 06050A   23227.37789444  .00000145  00000-0  98747-4 0  9992
2 29522  98.7538 239.1996 0010858 130.0304 230.1823 14.14274568865824
1 29522U 06050A   23227.73163082  .00000147  00000-0  99595-4 0  9990
2 29522  98.7538 239.5463 0010871 129.1084 231.1057 14.14274681865877
1 29522U 06050A   23228.01461984  .00000157  00000-0  10480-3 0  9990
2 29522  98.7538 239.8237 0010886 128.4548 231.7603 14.14274866865915
1 29522U 06050A   23228.43910351  .00000129  00000-0  90041-4 0  9994
2 29522  98.7538 240.2397 0010904 127.3282 232.8886 14.14274911865974
1 29522U 06050A   23228.72209254  .00000138  00000-0  94678-4 0  9999
2 29522  98.7538 240.5170 0010913 126.5537 233.6642 14.14275027866014
1 29522U 06050A   23229.00508146  .00000152  00000-0  10242-3 0  9993
2 29522  98.7538 240.7944 0010927 125.8570 234.3620 14.14275232866055
1 29522U 06050A   23229.42956492  .00000151  00000-0  10174-3 0  9993
2 29522  98.7538 241.2105 0010948 124.7626 235.4580 14.14275398866110
1 29522U 06050A   23229.78330103  .00000156  00000-0  10422-3 0  9998
2 29522  98.7538 241.5571 0010960 123.8514 236.3704 14.14275565866169
1 29522U 06050A   23230.13703712  .00000157  00000-0  10470-3 0  9993
2 29522  98.7538 241.9038 0010972 122.9532 237.2698 14.14275727866212
1 29522U 06050A   23230.42002596  .00000156  00000-0  10414-3 0  9994
2 29522  98.7539 242.1812 0010987 122.2331 237.9908 14.14275853866257
1 29522U 06050A   23230.84450912  .00000151  00000-0  10171-3 0  9994
2 29522  98.7539 242.5972 0010999 121.1384 239.0869 14.14276017866316
1 29522U 06050A   23231.19824508  .00000154  00000-0  10336-3 0  9995
2 29522  98.7539 242.9439 0011010 120.2056 240.0209 14.14276188866363
1 29522U 06050A   23231.48123384  .00000146  00000-0  98892-4 0  9996
2 29522  98.7539 243.2213 0011022 119.4794 240.7480 14.14276276866400
1 29522U 06050A   23231.83496971  .00000144  00000-0  97887-4 0  9991
2 29522  98.7539 243.5679 0011031 118.5670 241.6615 14.14276404866450
1 29522U 06050A   23232.11795837  .00000150  00000-0  10092-3 0  9995
2 29522  98.7539 243.8453 0011037 117.8226 242.4067 14.14276541866494
1 29522U 06050A   23232.47169421  .00000137  00000-0  94540-4 0  9994
2 29522  98.7539 244.1920 0011047 116.8692 243.3611 14.14276621866544
1 29522U 06050A   23232.75468283  .00000137  00000-0  94610-4 0  9991
2 29522  98.7539 244.4693 0011053 116.1431 244.0880 14.14276706866589
1 29522U 06050A   23233.17916573  .00000146  00000-0  99003-4 0  9999
2 29522  98.7539 244.8854 0011065 115.0514 245.1809 14.14276879866646
1 29522U 06050A   23233.53290146  .00000137  00000-0  94596-4 0  9992
2 29522  98.7540 245.2321 0011074 114.1367 246.0965 14.14276970866698
1 29522U 06050A   23233.81588997  .00000140  00000-0  95925-4 0  9998
2 29522  98.7539 245.5094 0011080 113.4240 246.8099 14.14277075866733
1 29522U 06050A   23234.16962567  .00000141  00000-0  96520-4 0  9999
2 29522  98.7540 245.8561 0011087 112.4969 247.7379 14.14277198866783
1 29522U 06050A   23234.52336127  .00000143  00000-0  97651-4 0  9994
2 29522  98.7540 246.2028 0011095 111.6087 248.6269 14.14277346866836
1 29522U 06050A   23234.73560262  .00000148  00000-0  99871-4 0  9997
2 29522  98.7540 246.4108 0011099 111.0520 249.1841 14.14277416866860
1 29522U 06050A   23235.08933820  .00000144  00000-0  97872-4 0  9995
2 29522  98.7540 246.7575 0011106 110.1685 250.0684 14.14277526866916
1 29522U 06050A   23235.51382085  .00000139  00000-0  95463-4 0  9992
2 29522  98.7541 247.1736 0011116 109.0963 251.1414 14.14277656866971
1 29522U 06050A   23236.78726840  .00000151  00000-0  10144-3 0  9999
2 29522  98.7541 248.4217 0011140 105.8045 254.4357 14.14278190867158
1 29522U 06050A   23236.92876251  .00000153  00000-0  10297-3 0  9998
2 29522  98.7541 248.5604 0011141 105.4474 254.7930 14.14278279867172
1 29522U 06050A   23237.14100368  .00000159  00000-0  10584-3 0  9997
2 29522  98.7542 248.7684 0011145 104.9182 255.3225 14.14278394867203
1 29522U 06050A   23237.42399191  .00000152  00000-0  10218-3 0  9999
2 29522  98.7542 249.0457 0011150 104.2116 256.0297 14.14278485867243
1 29522U 06050A   23237.56548606  .00000148  00000-0  10019-3 0  9995
2 29522  98.7542 249.1844 0011152 103.8508 256.3907 14.14278517867265
1 29522U 06050A   23237.77772720  .00000148  00000-0  10002-3 0  9996
2 29522  98.7542 249.3924 0011158 103.3095 256.9323 14.14278585867294
1 29522U 06050A   23237.91922126  .00000156  00000-0  10447-3 0  9991
2 29522  98.7542 249.5311 0011159 102.9491 257.2929 14.14278696867314
1 29522U 06050A   23238.06071532  .00000160  00000-0  10616-3 0  9997
2 29522  98.7542 249.6698 0011159 102.5964 257.6458 14.14278776867336
1 29522U 06050A   23238.41445053  .00000152  00000-0  10231-3 0  9993
2 29522  98.7543 250.0165 0011168 101.6587 258.5840 14.14278885867384
1 29522U 06050A   23238.55594457  .00000153  00000-0  10257-3 0  9990
2 29522  98.7543 250.1552 0011169 101.3089 258.9340 14.14278945867409
1 29522U 06050A   23238.76818563  .00000154  00000-0  10308-3 0  9998
2 29522  98.7543 250.3632 0011174 100.7626 259.4806 14.14279021867438
1 29522U 06050A   23238.90967965  .00000153  00000-0  10299-3 0  9993
2 29522  98.7543 250.5019 0011175 100.4343 259.8090 14.14279087867456
1 29522U 06050A   23239.12192068  .00000157  00000-0  10462-3 0  9998
2 29522  98.7543 250.7099 0011176  99.8935 260.3500 14.14279184867489
1 29522U 06050A   23239.33416174  .00000160  00000-0  10626-3 0  9994
2 29522  98.7543 250.9180 0011184  99.3202 260.9236 14.14279261867515
1 29522U 06050A   23239.33416174  .00000160  00000-0  10626-3 0  9994
2 29522  98.7543 250.9180 0011184  99.3202 260.9236 14.14279261867515
1 29522U 06050A   23239.75864373  .00000154  00000-0  10345-3 0  9999
2 29522  98.7543 251.3340 0011187  98.2499 261.9943 14.14279381867572
1 29522U 06050A   23239.90013773  .00000151  00000-0  10185-3 0  9995
2 29522  98.7543 251.4727 0011188  97.9172 262.3271 14.14279412867593
1 29522U 06050A   23240.11237870  .00000155  00000-0  10357-3 0  9991
2 29522  98.7543 251.6807 0011190  97.3759 262.8687 14.14279502867622
1 29522U 06050A   23240.39536667  .00000149  00000-0  10068-3 0  9999
2 29522  98.7544 251.9581 0011195  96.6319 263.6128 14.14279563867664
1 29522U 06050A   23240.74910157  .00000141  00000-0  96473-4 0  9995
2 29522  98.7543 252.3048 0011195  95.7381 264.5069 14.14279637867717
1 29522U 06050A   23240.89059549  .00000142  00000-0  97134-4 0  9996
2 29522  98.7543 252.4435 0011195  95.3826 264.8624 14.14279705867736
1 29522U 06050A   23241.17358340  .00000145  00000-0  98623-4 0  9996
2 29522  98.7544 252.7209 0011196  94.6606 265.5846 14.14279795867775
1 29522U 06050A   23241.38582431  .00000144  00000-0  97765-4 0  9994
2 29522  98.7544 252.9289 0011199  94.1027 266.1427 14.14279860867809
1 29522U 06050A   23241.73955911  .00000148  00000-0  10009-3 0  9999
2 29522  98.7544 253.2756 0011200  93.1972 267.0483 14.14279996867850
1 29522U 06050A   23241.88105300  .00000149  00000-0  10073-3 0  9996
2 29522  98.7544 253.4143 0011199  92.8451 267.4004 14.14280059867874
1 29522U 06050A   23242.16404080  .00000152  00000-0  10242-3 0  9997
2 29522  98.7544 253.6917 0011198  92.1045 268.1410 14.14280174867918
1 29522U 06050A   23242.37628162  .00000152  00000-0  10205-3 0  9998
2 29522  98.7544 253.8997 0011196  91.5946 268.6509 14.14280261867943
1 29522U 06050A   23242.73001632  .00000151  00000-0  10171-3 0  9996
2 29522  98.7544 254.2464 0011196  90.6902 269.5554 14.14280380867996
1 29522U 06050A   23242.87151015  .00000158  00000-0  10540-3 0  9999
2 29522  98.7544 254.3851 0011196  90.3378 269.9078 14.14280476868016
1 29522U 06050A   23243.15449785  .00000167  00000-0  11029-3 0  9998
2 29522  98.7544 254.6624 0011194  89.6008 270.6448 14.14280634868056
1 29522U 06050A   23243.50823240  .00000172  00000-0  11244-3 0  9994
2 29522  98.7544 255.0092 0011192  88.7126 271.5329 14.14280829868109
1 29522U 06050A   23243.72047309  .00000179  00000-0  11647-3 0  9996
2 29522  98.7544 255.2172 0011190  88.2119 272.0335 14.14280941868136
1 29522U 06050A   23243.86196690  .00000177  00000-0  11528-3 0  9995
2 29522  98.7544 255.3559 0011191  87.8181 272.4273 14.14280992868154
1 29522U 06050A   23244.07420757  .00000182  00000-0  11815-3 0  9998
2 29522  98.7544 255.5639 0011189  87.2745 272.9709 14.14281128868186
1 29522U 06050A   23244.49868883  .00000204  00000-0  12932-3 0  9996
2 29522  98.7544 255.9799 0011181  86.2717 273.9734 14.14281474868247
1 29522U 06050A   23244.49868883  .00000204  00000-0  12932-3 0  9996
2 29522  98.7544 255.9799 0011181  86.2717 273.9734 14.14281474868247
1 29522U 06050A   23244.85242315  .00000211  00000-0  13317-3 0  9998
2 29522  98.7544 256.3266 0011181  85.3628 274.8822 14.14281675868298
1 29522U 06050A   23244.92317001  .00000213  00000-0  13422-3 0  9990
2 29522  98.7544 256.3960 0011182  85.1896 275.0554 14.14281720868303
1 29522U 06050A   23245.06466371  .00000216  00000-0  13592-3 0  9992
2 29522  98.7544 256.5347 0011178  84.8253 275.4195 14.14281825868325
1 29522U 06050A   23245.41839804  .00000212  00000-0  13359-3 0  9993
2 29522  98.7544 256.8814 0011183  83.8999 276.3448 14.14281989868376
1 29522U 06050A   23245.55989174  .00000199  00000-0  12705-3 0  9992
2 29522  98.7544 257.0201 0011182  83.5386 276.7060 14.14282010868397
1 29522U 06050A   23245.70138541  .00000200  00000-0  12730-3 0  9994
2 29522  98.7544 257.1588 0011181  83.1789 277.0656 14.14282075868417
1 29522U 06050A   23245.91362545  .00000271  00000-0  16455-3 0  9996
2 29522  98.7544 257.3668 0011177  82.6550 277.5893 14.14282707868446
1 29522U 06050A   23246.05511945  .00000201  00000-0  12794-3 0  9997
2 29522  98.7544 257.5055 0011175  82.2977 277.9464 14.14282309868463
1 29522U 06050A   23246.40885356  .00000223  00000-0  13959-3 0  9994
2 29522  98.7544 257.8522 0011175  81.4031 278.8407 14.14282615868510
1 29522U 06050A   23246.55034722  .00000206  00000-0  13028-3 0  9991
2 29522  98.7544 257.9909 0011174  81.0351 279.2087 14.14282586868538
1 29522U 06050A   23246.76258763  .00000207  00000-0  13093-3 0  9990
2 29522  98.7544 258.1989 0011174  80.4844 279.7591 14.14282678868569
1 29522U 06050A   23247.11632164  .00000198  00000-0  12617-3 0  9991
2 29522  98.7544 258.5456 0011167  79.5808 280.6623 14.14282797868618
1 29522U 06050A   23247.39930890  .00000197  00000-0  12592-3 0  9999
2 29522  98.7544 258.8230 0011166  78.8558 281.3870 14.14282903868659
1 29522U 06050A   23247.54080250  .00000178  00000-0  11606-3 0  9996
2 29522  98.7544 258.9617 0011164  78.4924 281.7502 14.14282865868675
1 29522U 06050A   23247.82378963  .00000181  00000-0  11759-3 0  9991
2 29522  98.7544 259.2390 0011157  77.7635 282.4787 14.14282986868712
1 29522U 06050A   23248.17752356  .00000182  00000-0  11816-3 0  9997
2 29522  98.7544 259.5858 0011150  76.8499 283.3917 14.14283123868769
1 29522U 06050A   23248.46051065  .00000172  00000-0  11260-3 0  9990
2 29522  98.7545 259.8631 0011145  76.1371 284.1041 14.14283197868801
1 29522U 06050A   23248.53125742  .00000171  00000-0  11214-3 0  9990
2 29522  98.7545 259.9325 0011143  75.9533 284.2878 14.14283222868816
1 29522U 06050A   23248.88499117  .00000186  00000-0  11975-3 0  9998
2 29522  98.7544 260.2792 0011135  75.0503 285.1902 14.14283439868860
1 29522U 06050A   23249.09723143  .00000193  00000-0  12368-3 0  9996
2 29522  98.7544 260.4872 0011131  74.4974 285.7428 14.14283557868895
1 29522U 06050A   23249.45096523  .00000202  00000-0  12844-3 0  9991
2 29522  98.7545 260.8339 0011127  73.5797 286.6599 14.14283771868949
1 29522U 06050A   23249.52171201  .00000196  00000-0  12542-3 0  9993
2 29522  98.7545 260.9033 0011125  73.3962 286.8432 14.14283759868956
1 29522U 06050A   23249.73395223  .00000213  00000-0  13413-3 0  9996
2 29522  98.7545 261.1113 0011121  72.8377 287.4013 14.14283886868984
1 29522U 06050A   23249.94619237  .00000225  00000-0  14038-3 0  9990
2 29522  98.7545 261.3193 0011113  72.2811 287.9574 14.14284073869013
1 29522U 06050A   23250.01693910  .00000226  00000-0  14095-3 0  9994
2 29522  98.7545 261.3886 0011112  72.0988 288.1396 14.14284115869027
1 29522U 06050A   23250.44141950  .00000213  00000-0  13405-3 0  9993
2 29522  98.7545 261.8047 0011106  71.0058 289.2318 14.14284260869084
1 29522U 06050A   23250.51216626  .00000197  00000-0  12570-3 0  9997
2 29522  98.7545 261.8740 0011103  70.8272 289.4102 14.14284200869094
1 29522U 06050A   23250.72440640  .00000204  00000-0  12955-3 0  9991
2 29522  98.7545 262.0821 0011097  70.3068 289.9301 14.14284309869127
1 29522U 06050A   23250.86589977  .00000216  00000-0  13551-3 0  9999
2 29522  98.7545 262.2207 0011093  69.9464 290.2902 14.14284461869140
1 29522U 06050A   23251.07813984  .00000229  00000-0  14266-3 0  9999
2 29522  98.7545 262.4288 0011083  69.4105 290.8256 14.14284638869174
1 29522U 06050A   23251.36112671  .00000212  00000-0  13371-3 0  9994
2 29522  98.7546 262.7061 0011079  68.6917 291.5438 14.14284676869211
1 29522U 06050A   23251.57336683  .00000200  00000-0  12717-3 0  9998
2 29522  98.7546 262.9141 0011070  68.1589 292.0760 14.14284718869247
1 29522U 06050A   23251.78560686  .00000201  00000-0  12767-3 0  9999
2 29522  98.7546 263.1222 0011056  67.6565 292.5779 14.14284824869278
1 29522U 06050A   23251.85635350  .00000210  00000-0  13277-3 0  9995
2 29522  98.7546 263.1915 0011054  67.4693 292.7649 14.14284937869289
1 29522U 06050A   23252.21008683  .00000211  00000-0  13292-3 0  9997
2 29522  98.7546 263.5382 0011037  66.5861 293.6472 14.14285107869339
1 29522U 06050A   23252.35158018  .00000212  00000-0  13350-3 0  9996
2 29522  98.7546 263.6769 0011041  66.1927 294.0402 14.14285178869351
1 29522U 06050A   23252.56382016  .00000222  00000-0  13877-3 0  9991
2 29522  98.7546 263.8849 0011033  65.6547 294.5777 14.14285354869384
1 29522U 06050A   23252.77606010  .00000229  00000-0  14271-3 0  9993
2 29522  98.7546 264.0929 0011028  65.1168 295.1151 14.14285476869416
1 29522U 06050A   23253.20053999  .00000229  00000-0  14269-3 0  9991
2 29522  98.7546 264.5090 0011020  64.0155 296.2153 14.14285695869479
1 29522U 06050A   23253.41277988  .00000231  00000-0  14336-3 0  9998
2 29522  98.7546 264.7170 0011018  63.4721 296.7581 14.14285822869505
1 29522U 06050A   23253.55427314  .00000230  00000-0  14321-3 0  9996
2 29522  98.7546 264.8557 0011012  63.1052 297.1245 14.14285900869524
1 29522U 06050A   23253.76651299  .00000233  00000-0  14464-3 0  9991
2 29522  98.7546 265.0637 0011008  62.5589 297.6703 14.14286005869553
1 29522U 06050A   23254.04949942  .00000253  00000-0  15524-3 0  9998
2 29522  98.7546 265.3410 0011001  61.8214 298.4069 14.14286246869590
1 29522U 06050A   23254.40323250  .00000246  00000-0  15139-3 0  9990
2 29522  98.7546 265.6878 0010999  60.8875 299.3398 14.14286381869649
1 29522U 06050A   23254.61547227  .00000242  00000-0  14918-3 0  9995
2 29522  98.7546 265.8958 0010993  60.3255 299.9011 14.14286482869674
1 29522U 06050A   23254.68621885  .00000256  00000-0  15664-3 0  9999
2 29522  98.7546 265.9651 0010989  60.1562 300.0702 14.14286552869689
1 29522U 06050A   23255.03995170  .00000260  00000-0  15859-3 0  9991
2 29522  98.7545 266.3118 0010978  59.2258 300.9994 14.14286780869731
1 29522U 06050A   23255.46443117  .00000261  00000-0  15943-3 0  9992
2 29522  98.7546 266.7278 0010962  58.1238 302.1001 14.14286990869794
1 29522U 06050A   23255.60592428  .00000254  00000-0  15584-3 0  9991
2 29522  98.7545 266.8665 0010953  57.7585 302.4648 14.14287035869818
1 29522U 06050A   23255.67667083  .00000260  00000-0  15869-3 0  9991
2 29522  98.7545 266.9359 0010952  57.5791 302.6440 14.14287088869826
1 29522U 06050A   23255.88891029  .00000302  00000-0  18058-3 0  9993
2 29522  98.7545 267.1439 0010944  57.0280 303.1944 14.14287478869858
1 29522U 06050A   23256.03040333  .00000311  00000-0  18567-3 0  9990
2 29522  98.7545 267.2826 0010936  56.6593 303.5626 14.14287615869878
1 29522U 06050A   23256.38413601  .00000318  00000-0  18894-3 0  9990
2 29522  98.7545 267.6293 0010927  55.7549 304.4657 14.14287848869929
1 29522U 06050A   23256.59637563  .00000290  00000-0  17427-3 0  9998
2 29522  98.7545 267.8373 0010919  55.1941 305.0258 14.14287816869953
1 29522U 06050A   23256.73786864  .00000298  00000-0  17882-3 0  9996
2 29522  98.7545 267.9760 0010915  54.8196 305.3998 14.14287920869970
1 29522U 06050A   23256.95010819  .00000290  00000-0  17464-3 0  9998
2 29522  98.7544 268.1840 0010904  54.2668 305.9518 14.14288018870006
1 29522U 06050A   23257.09160116  .00000297  00000-0  17802-3 0  9993
2 29522  98.7544 268.3227 0010894  53.9065 306.3115 14.14288138870025
1 29522U 06050A   23257.44533372  .00000285  00000-0  17204-3 0  9993
2 29522  98.7544 268.6694 0010883  53.0014 307.2153 14.14288291870076
1 29522U 06050A   23257.51608025  .00000288  00000-0  17359-3 0  9993
2 29522  98.7544 268.7387 0010878  52.8199 307.3966 14.14288342870082
1 29522U 06050A   23257.79906619  .00000258  00000-0  15767-3 0  9991
2 29522  98.7544 269.0161 0010869  52.0905 308.1249 14.14288333870121
1 29522U 06050A   23257.86981267  .00000256  00000-0  15666-3 0  9997
2 29522  98.7544 269.0854 0010865  51.9047 308.3104 14.14288377870132
1 29522U 06050A   23258.15279854  .00000292  00000-0  17556-3 0  9992
2 29522  98.7544 269.3628 0010848  51.1738 309.0402 14.14288738870178
1 29522U 06050A   23258.43578444  .00000282  00000-0  17012-3 0  9996
2 29522  98.7544 269.6402 0010852  50.4121 309.8008 14.14288888870215
1 29522U 06050A   23258.57727742  .00000251  00000-0  15382-3 0  9992
2 29522  98.7544 269.7788 0010845  50.0389 310.1735 14.14288802870237
1 29522U 06050A   23258.71877031  .00000252  00000-0  15449-3 0  9990
2 29522  98.7544 269.9175 0010839  49.6798 310.5320 14.14288886870258
1 29522U 06050A   23259.07250243  .00000255  00000-0  15611-3 0  9994
2 29522  98.7543 270.2642 0010818  48.7554 311.4549 14.14289141870302
1 29522U 06050A   23259.35548815  .00000265  00000-0  16119-3 0  9995
2 29522  98.7544 270.5415 0010809  48.0130 312.1962 14.14289404870340
1 29522U 06050A   23259.56772748  .00000243  00000-0  14962-3 0  9992
2 29522  98.7544 270.7496 0010797  47.4505 312.7578 14.14289443870371
1 29522U 06050A   23259.70922029  .00000249  00000-0  15273-3 0  9999
2 29522  98.7543 270.8882 0010791  47.0824 313.1253 14.14289541870390
1 29522U 06050A   23260.06295221  .00000280  00000-0  16929-3 0  9991
2 29522  98.7543 271.2349 0010772  46.1400 314.0661 14.14289946870440
1 29522U 06050A   23260.41668414  .00000294  00000-0  17652-3 0  9997
2 29522  98.7544 271.5816 0010759  45.2344 314.9703 14.14290311870494
1 29522U 06050A   23260.48743050  .00000286  00000-0  17220-3 0  9996
2 29522  98.7544 271.6509 0010756  45.0441 315.1603 14.14290336870508
1 29522U 06050A   23260.77041592  .00000296  00000-0  17751-3 0  9990
2 29522  98.7543 271.9283 0010740  44.2941 315.9090 14.14290565870544
1 29522U 06050A   23261.12414783  .00000303  00000-0  18129-3 0  9995
2 29522  98.7543 272.2750 0010723  43.3596 316.8419 14.14290818870595
1 29522U 06050A   23261.40713342  .00000259  00000-0  15809-3 0  9991
2 29522  98.7543 272.5523 0010711  42.6350 317.5653 14.14290738870637
1 29522U 06050A   23261.54862612  .00000253  00000-0  15510-3 0  9994
2 29522  98.7543 272.6910 0010703  42.2526 317.9470 14.14290808870651
1 29522U 06050A   23261.69011880  .00000255  00000-0  15624-3 0  9991
2 29522  98.7543 272.8296 0010699  41.8808 318.3182 14.14290894870674
1 29522U 06050A   23261.83161146  .00000278  00000-0  16825-3 0  9997
2 29522  98.7543 272.9683 0010698  41.5253 318.6731 14.14291073870690
1 29522U 06050A   23262.04385043  .00000273  00000-0  16579-3 0  9996
2 29522  98.7543 273.1763 0010683  40.9578 319.2396 14.14291209870728
1 29522U 06050A   23262.46832836  .00000259  00000-0  15796-3 0  9993
2 29522  98.7544 273.5923 0010668  39.8403 320.3552 14.14291412870787
1 29522U 06050A   23262.75131352  .00000261  00000-0  15922-3 0  9994
2 29522  98.7543 273.8697 0010657  39.0805 321.1136 14.14291598870820
1 29522U 06050A   23263.17579129  .00000290  00000-0  17433-3 0  9990
2 29522  98.7544 274.2858 0010633  37.9532 322.2388 14.14291986870881
1 29522U 06050A   23263.31728388  .00000288  00000-0  17361-3 0  9996
2 29522  98.7544 274.4244 0010629  37.5973 322.5942 14.14292059870906
1 29522U 06050A   23263.60026903  .00000270  00000-0  16414-3 0  9991
2 29522  98.7543 274.7018 0010613  36.8358 323.3543 14.14292150870941
1 29522U 06050A   23263.74176156  .00000279  00000-0  16853-3 0  9998
2 29522  98.7543 274.8405 0010608  36.4478 323.7416 14.14292249870969
1 29522U 06050A   23263.88325415  .00000278  00000-0  16832-3 0  9993
2 29522  98.7543 274.9791 0010601  36.0584 324.1303 14.14292302870987
1 29522U 06050A   23264.02474665  .00000283  00000-0  17058-3 0  9999
2 29522  98.7543 275.1178 0010591  35.6694 324.5185 14.14292421871002
1 29522U 06050A   23264.44922420  .00000294  00000-0  17658-3 0  9990
2 29522  98.7544 275.5338 0010571  34.5437 325.6421 14.14292769871062
1 29522U 06050A   23264.59071674  .00000276  00000-0  16688-3 0  9994
2 29522  98.7544 275.6725 0010562  34.1489 326.0361 14.14292747871082
1 29522U 06050A   23264.73220921  .00000281  00000-0  16957-3 0  9996
2 29522  98.7544 275.8112 0010549  33.7600 326.4243 14.14292847871106
1 29522U 06050A   23264.94444789  .00000286  00000-0  17246-3 0  9996
2 29522  98.7544 276.0192 0010536  33.1542 327.0290 14.14293047871137
1 29522U 06050A   23265.01519410  .00000291  00000-0  17493-3 0  9999
2 29522  98.7544 276.0886 0010529  32.9533 327.2295 14.14293116871141
1 29522U 06050A   23265.36892531  .00000296  00000-0  17737-3 0  9991
2 29522  98.7544 276.4353 0010515  32.0231 328.1579 14.14293367871193
1 29522U 06050A   23265.58116392  .00000292  00000-0  17570-3 0  9990
2 29522  98.7544 276.6433 0010503  31.4397 328.7402 14.14293520871223
1 29522U 06050A   23265.72265630  .00000311  00000-0  18527-3 0  9991
2 29522  98.7544 276.7820 0010490  31.0548 329.1243 14.14293669871247
1 29522U 06050A   23265.86414866  .00000314  00000-0  18698-3 0  9995
2 29522  98.7544 276.9206 0010482  30.6565 329.5219 14.14293796871262
1 29522U 06050A   23266.07638720  .00000323  00000-0  19165-3 0  9996
2 29522  98.7544 277.1286 0010468  30.0738 330.1034 14.14293995871290
1 29522U 06050A   23266.50086442  .00000288  00000-0  17332-3 0  9996
2 29522  98.7544 277.5446 0010457  28.9373 331.2378 14.14294139871352
1 29522U 06050A   23266.57161060  .00000285  00000-0  17194-3 0  9996
2 29522  98.7544 277.6140 0010453  28.7410 331.4337 14.14294177871360
1 29522U 06050A   23266.71310292  .00000300  00000-0  17966-3 0  9990
2 29522  98.7544 277.7526 0010443  28.3711 331.8029 14.14294311871382
1 29522U 06050A   23267.13757980  .00000317  00000-0  18835-3 0  9990
2 29522  98.7544 278.1687 0010420  27.2051 332.9666 14.14294700871443
1 29522U 06050A   23267.42056439  .00000301  00000-0  18013-3 0  9994
2 29522  98.7544 278.4460 0010407  26.4572 333.7130 14.14294858871482
1 29522U 06050A   23267.56205665  .00000310  00000-0  18509-3 0  9996
2 29522  98.7544 278.5847 0010400  26.0615 334.1080 14.14295026871509
1 29522U 06050A   23267.84504114  .00000314  00000-0  18714-3 0  9990
2 29522  98.7544 278.8620 0010387  25.3072 334.8608 14.14295209871544
1 29522U 06050A   23267.91578725  .00000312  00000-0  18601-3 0  9990
2 29522  98.7544 278.9313 0010382  25.1131 335.0545 14.14295261871555
1 29522U 06050A   23268.05727945  .00000317  00000-0  18849-3 0  9995
2 29522  98.7544 279.0700 0010372  24.7198 335.4470 14.14295392871572
1 29522U 06050A   23268.34026347  .00000384  00000-0  22356-3 0  9997
2 29522  98.7544 279.3474 0010360  23.9872 336.1782 14.14296105871612
1 29522U 06050A   23268.55250207  .00000328  00000-0  19429-3 0  9999
2 29522  98.7544 279.5554 0010349  23.4060 336.7583 14.14295894871646
1 29522U 06050A   23268.76474027  .00000345  00000-0  20305-3 0  9994
2 29522  98.7544 279.7634 0010339  22.8333 337.3298 14.14296103871679
1 29522U 06050A   23268.90623236  .00000344  00000-0  20254-3 0  9990
2 29522  98.7544 279.9020 0010329  22.4436 337.7187 14.14296227871699
1 29522U 06050A   23269.04772445  .00000351  00000-0  20642-3 0  9992
2 29522  98.7544 280.0407 0010318  22.0454 338.1161 14.14296376871710
1 29522U 06050A   23269.40145488  .00000322  00000-0  19125-3 0  9995
2 29522  98.7544 280.3874 0010301  21.0921 339.0675 14.14296465871765
1 29522U 06050A   23269.61369288  .00000333  00000-0  19697-3 0  9990
2 29522  98.7544 280.5954 0010288  20.5016 339.6568 14.14296728871791
1 29522U 06050A   23269.68443888  .00000344  00000-0  20294-3 0  9993
2 29522  98.7544 280.6647 0010287  20.3118 339.8462 14.14296825871806
1 29522U 06050A   23269.89667696  .00000353  00000-0  20740-3 0  9997
2 29522  98.7543 280.8727 0010275  19.7494 340.4075 14.14296995871831
1 29522U 06050A   23270.17966114  .00000340  00000-0  20067-3 0  9995
2 29522  98.7544 281.1501 0010261  18.9740 341.1814 14.14297114871873
1 29522U 06050A   23270.32115317  .00000340  00000-0  20078-3 0  9995
2 29522  98.7544 281.2887 0010254  18.5963 341.5583 14.14297211871893
1 29522U 06050A   23270.53339124  .00000328  00000-0  19434-3 0  9992
2 29522  98.7543 281.4967 0010242  17.9939 342.1595 14.14297320871921
1 29522U 06050A   23270.81637520  .00000330  00000-0  19532-3 0  9996
2 29522  98.7543 281.7741 0010226  17.1920 342.9598 14.14297510871964
1 29522U 06050A   23271.17010518  .00000314  00000-0  18721-3 0  9999
2 29522  98.7543 282.1208 0010204  16.1981 343.9516 14.14297693872019
1 29522U 06050A   23271.52383505  .00000313  00000-0  18671-3 0  9990
2 29522  98.7543 282.4674 0010183  15.2088 344.9390 14.14297991872060
1 29522U 06050A   23271.59458102  .00000311  00000-0  18555-3 0  9992
2 29522  98.7543 282.5368 0010179  15.0063 345.1410 14.14298029872077
1 29522U 06050A   23271.66532699  .00000310  00000-0  18506-3 0  9999
2 29522  98.7543 282.6061 0010175  14.7998 345.3471 14.14298067872089
1 29522U 06050A   23271.94831081  .00000311  00000-0  18537-3 0  9992
2 29522  98.7542 282.8835 0010160  13.9766 346.1686 14.14298262872126
1 29522U 06050A   23272.16054869  .00000316  00000-0  18784-3 0  9997
2 29522  98.7542 283.0915 0010146  13.3883 346.7558 14.14298437872157
1 29522U 06050A   23272.51427830  .00000313  00000-0  18636-3 0  9991
2 29522  98.7542 283.4381 0010126  12.3897 347.7524 14.14298761872200
1 29522U 06050A   23272.58502423  .00000311  00000-0  18567-3 0  9991
2 29522  98.7542 283.5075 0010123  12.1864 347.9552 14.14298807872215
1 29522U 06050A   23272.72651609  .00000313  00000-0  18636-3 0  9997
2 29522  98.7542 283.6461 0010114  11.7832 348.3576 14.14298894872234
1 29522U 06050A   23273.15099160  .00000307  00000-0  18356-3 0  9995
2 29522  98.7542 284.0622 0010090  10.5882 349.5502 14.14299217872291
1 29522U 06050A   23273.22173750  .00000298  00000-0  17888-3 0  9999
2 29522  98.7542 284.1315 0010086  10.3840 349.7539 14.14299251872300
1 29522U 06050A   23273.50472108  .00000279  00000-0  16890-3 0  9990
2 29522  98.7542 284.4088 0010072   9.6026 350.5338 14.14299415872345
1 29522U 06050A   23273.71695872  .00000285  00000-0  17175-3 0  9992
2 29522  98.7541 284.6168 0010056   8.9852 351.1499 14.14299578872374
1 29522U 06050A   23274.14143380  .00000339  00000-0  20005-3 0  9998
2 29522  98.7541 285.0328 0010031   7.7739 352.3588 14.14300253872433
1 29522U 06050A   23274.49516314  .00000306  00000-0  18283-3 0  9996
2 29522  98.7541 285.3795 0010012   6.7869 353.3438 14.14300397872485
1 29522U 06050A   23274.56590899  .00000304  00000-0  18156-3 0  9991
2 29522  98.7541 285.4488 0010008   6.5873 353.5430 14.14300445872492
1 29522U 06050A   23274.70740066  .00000303  00000-0  18115-3 0  9994
2 29522  98.7541 285.5875 0009997   6.1708 353.9587 14.14300535872511
1 29522U 06050A   23274.91963814  .00000312  00000-0  18592-3 0  9994
2 29522  98.7541 285.7955 0009987   5.5523 354.5759 14.14300756872545
1 29522U 06050A   23275.06112978  .00000312  00000-0  18597-3 0  9993
2 29522  98.7541 285.9342 0009979   5.1426 354.9847 14.14300880872568
1 29522U 06050A   23275.48560467  .00000314  00000-0  18711-3 0  9999
2 29522  98.7541 286.3502 0009953   3.9556 356.1694 14.14301247872622
1 29522U 06050A   23275.76858788  .00000312  00000-0  18590-3 0  9999
2 29522  98.7540 286.6275 0009937   3.1448 356.9786 14.14301435872668
1 29522U 06050A   23275.76858788  .00000312  00000-0  18590-3 0  9999
2 29522  98.7540 286.6275 0009937   3.1448 356.9786 14.14301435872668
1 29522U 06050A   23276.19306272  .00000301  00000-0  18044-3 0  9995
2 29522  98.7540 287.0435 0009914   1.9822 358.1389 14.14301710872724
1 29522U 06050A   23276.54679159  .00000296  00000-0  17770-3 0  9999
2 29522  98.7540 287.3902 0009896   0.9932 359.1260 14.14301976872774
1 29522U 06050A   23276.61753737  .00000294  00000-0  17649-3 0  9995
2 29522  98.7540 287.4595 0009892   0.7989 359.3199 14.14302008872780
1 29522U 06050A   23276.82977459  .00000329  00000-0  19512-3 0  9997
2 29522  98.7540 287.6675 0009880   0.1980 359.9195 14.14302312872817
1 29522U 06050A   23276.90052035  .00000327  00000-0  19399-3 0  9991
2 29522  98.7540 287.7368 0009876 359.9919   0.1252 14.14302359872820
1 29522U 06050A   23277.18350339  .00000334  00000-0  19754-3 0  9993
2 29522  98.7540 288.0142 0009864 359.1905   0.9251 14.14302602872860
1 29522U 06050A   23277.39574063  .00000323  00000-0  19166-3 0  9993
2 29522  98.7540 288.2222 0009847 358.5874   1.5270 14.14302717872898
1 29522U 06050A   23277.60797778  .00000335  00000-0  19783-3 0  9995
2 29522  98.7540 288.4301 0009836 357.9801   2.1330 14.14302953872929
1 29522U 06050A   23277.74946921  .00000344  00000-0  20253-3 0  9990
2 29522  98.7540 288.5688 0009828 357.5731   2.5393 14.14303078872941
1 29522U 06050A   23277.96170635  .00000350  00000-0  20565-3 0  9998
2 29522  98.7540 288.7768 0009817 356.9494   3.1617 14.14303259872979
1 29522U 06050A   23278.10319774  .00000355  00000-0  20836-3 0  9990
2 29522  98.7540 288.9155 0009810 356.5369   3.5735 14.14303395872999
1 29522U 06050A   23278.45692623  .00000389  00000-0  22650-3 0  9998
2 29522  98.7540 289.2621 0009792 355.5178   4.5906 14.14303857873048
1 29522U 06050A   23278.59841758  .00000373  00000-0  21768-3 0  9990
2 29522  98.7540 289.4008 0009784 355.0996   5.0079 14.14303906873067
1 29522U 06050A   23278.81065462  .00000377  00000-0  21979-3 0  9993
2 29522  98.7540 289.6088 0009773 354.4775   5.6289 14.14304051873097
1 29522U 06050A   23278.95214596  .00000380  00000-0  22154-3 0  9992
2 29522  98.7540 289.7475 0009766 354.0554   6.0501 14.14304185873114
1 29522U 06050A   23279.23512871  .00000408  00000-0  23642-3 0  9995
2 29522  98.7540 290.0248 0009752 353.2374   6.8666 14.14304541873153
1 29522U 06050A   23279.44736565  .00000405  00000-0  23486-3 0  9999
2 29522  98.7540 290.2328 0009739 352.6016   7.5012 14.14304720873180
1 29522U 06050A   23279.51811123  .00000398  00000-0  23111-3 0  9997
2 29522  98.7540 290.3021 0009734 352.3881   7.7143 14.14304765873190
1 29522U 06050A   23279.87183938  .00000410  00000-0  23740-3 0  9995
2 29522  98.7540 290.6488 0009715 351.3221   8.7783 14.14305078873241
1 29522U 06050A   23279.94258500  .00000412  00000-0  23842-3 0  9996
2 29522  98.7540 290.7181 0009712 351.1090   8.9909 14.14305151873256
1 29522U 06050A   23280.01333061  .00000414  00000-0  23931-3 0  9993
2 29522  98.7540 290.7874 0009709 350.8973   9.2022 14.14305225873260
1 29522U 06050A   23280.50855005  .00000387  00000-0  22505-3 0  9999
2 29522  98.7540 291.2727 0009678 349.4866  10.6103 14.14305536873332
1 29522U 06050A   23280.57929565  .00000385  00000-0  22394-3 0  9993
2 29522  98.7540 291.3421 0009674 349.2799  10.8167 14.14305586873341
1 29522U 06050A   23280.86227798  .00000408  00000-0  23642-3 0  9997
2 29522  98.7540 291.6194 0009654 348.4363  11.6587 14.14305908873384
1 29522U 06050A   23280.93302355  .00000410  00000-0  23742-3 0  9992
2 29522  98.7540 291.6887 0009651 348.2156  11.8790 14.14305986873393
1 29522U 06050A   23281.07451470  .00000408  00000-0  23608-3 0  9999
2 29522  98.7540 291.8274 0009642 347.7931  12.3007 14.14306117873417
1 29522U 06050A   23281.35749699  .00000412  00000-0  23819-3 0  9992
2 29522  98.7540 292.1047 0009622 346.9531  13.1392 14.14306408873457
1 29522U 06050A   23281.56973363  .00000418  00000-0  24143-3 0  9999
2 29522  98.7540 292.3127 0009611 346.3244  13.7667 14.14306665873480
1 29522U 06050A   23281.78197026  .00000419  00000-0  24215-3 0  9998
2 29522  98.7540 292.5207 0009595 345.6922  14.3978 14.14306844873512
1 29522U 06050A   23281.85271577  .00000422  00000-0  24367-3 0  9992
2 29522  98.7539 292.5900 0009589 345.4830  14.6066 14.14306923873529
1 29522U 06050A   23282.13569788  .00000425  00000-0  24516-3 0  9997
2 29522  98.7540 292.8674 0009577 344.6445  15.4436 14.14307206873561
1 29522U 06050A   23282.34793448  .00000424  00000-0  24462-3 0  9991
2 29522  98.7540 293.0753 0009566 344.0269  16.0601 14.14307397873593
1 29522U 06050A   23282.56017102  .00000414  00000-0  23914-3 0  9991
2 29522  98.7540 293.2833 0009554 343.4018  16.6841 14.14307564873628
1 29522U 06050A   23282.84315290  .00000426  00000-0  24568-3 0  9990
2 29522  98.7539 293.5606 0009538 342.5445  17.5399 14.14307929873660
1 29522U 06050A   23282.91389838  .00000428  00000-0  24666-3 0  9998
2 29522  98.7539 293.6300 0009535 342.3283  17.7557 14.14308007873674
1 29522U 06050A   23283.12613483  .00000423  00000-0  24382-3 0  9998
2 29522  98.7539 293.8380 0009524 341.7167  18.3662 14.14308180873706
1 29522U 06050A   23283.55060764  .00000417  00000-0  24070-3 0  9990
2 29522  98.7539 294.2539 0009500 340.4586  19.6221 14.14308607873767
1 29522U 06050A   23283.90433487  .00000413  00000-0  23877-3 0  9995
2 29522  98.7539 294.6006 0009482 339.3987  20.6803 14.14308855873810
1 29522U 06050A   23284.11657117  .00000411  00000-0  23760-3 0  9996
2 29522  98.7538 294.8085 0009471 338.7616  21.3163 14.14309042873847
1 29522U 06050A   23284.39955292  .00000423  00000-0  24428-3 0  9996
2 29522  98.7538 295.0859 0009460 337.9403  22.1361 14.14309355873882
1 29522U 06050A   23284.61178915  .00000425  00000-0  24522-3 0  9997
2 29522  98.7538 295.2939 0009452 337.3011  22.7743 14.14309555873919
1 29522U 06050A   23284.82402528  .00000443  00000-0  25474-3 0  9997
2 29522  98.7538 295.5018 0009446 336.6519  23.4224 14.14309830873949
1 29522U 06050A   23285.10700684  .00000439  00000-0  25228-3 0  9995
2 29522  98.7537 295.7792 0009432 335.7915  24.2814 14.14310076873986
1 29522U 06050A   23285.38998847  .00000423  00000-0  24415-3 0  9995
2 29522  98.7537 296.0565 0009419 334.9575  25.1140 14.14310217874021
1 29522U 06050A   23285.60222456  .00000429  00000-0  24697-3 0  9994
2 29522  98.7537 296.2644 0009410 334.3254  25.7450 14.14310446874057
1 29522U 06050A   23285.81446061  .00000435  00000-0  25051-3 0  9999
2 29522  98.7536 296.4724 0009401 333.6870  26.3825 14.14310647874082
1 29522U 06050A   23285.95595131  .00000428  00000-0  24669-3 0  9993
2 29522  98.7536 296.6111 0009395 333.2396  26.8291 14.14310759874104
1 29522U 06050A   23286.16818745  .00000410  00000-0  23748-3 0  9994
2 29522  98.7536 296.8191 0009384 332.6056  27.4621 14.14310826874130
1 29522U 06050A   23286.52191402  .00000426  00000-0  24534-3 0  9999
2 29522  98.7536 297.1657 0009367 331.5515  28.5146 14.14311308874185
1 29522U 06050A   23286.59265934  .00000425  00000-0  24486-3 0  9993
2 29522  98.7536 297.2350 0009363 331.3374  28.7284 14.14311365874192
1 29522U 06050A   23286.87564044  .00000460  00000-0  26318-3 0  9993
2 29522  98.7535 297.5124 0009351 330.4576  29.6068 14.14311824874239
1 29522U 06050A   23286.94638574  .00000456  00000-0  26136-3 0  9994
2 29522  98.7535 297.5817 0009348 330.2355  29.8285 14.14311884874247
1 29522U 06050A   23287.15862174  .00000436  00000-0  25099-3 0  9998
2 29522  98.7535 297.7897 0009338 329.5861  30.4769 14.14311939874278
1 29522U 06050A   23287.44160289  .00000425  00000-0  24514-3 0  9997
2 29522  98.7535 298.0670 0009325 328.7177  31.3441 14.14312181874310
1 29522U 06050A   23287.58309347  .00000410  00000-0  23724-3 0  9998
2 29522  98.7534 298.2056 0009319 328.2858  31.7753 14.14312230874330
1 29522U 06050A   23287.79532928  .00000419  00000-0  24195-3 0  9996
2 29522  98.7534 298.4136 0009307 327.6398  32.4204 14.14312442874367
1 29522U 06050A   23287.93681982  .00000418  00000-0  24123-3 0  9997
2 29522  98.7534 298.5523 0009305 327.1956  32.8638 14.14312562874381
1 29522U 06050A   23288.14905567  .00000415  00000-0  24005-3 0  9995
2 29522  98.7534 298.7602 0009294 326.5482  33.5103 14.14312738874419
1 29522U 06050A   23288.43203666  .00000401  00000-0  23230-3 0  9992
2 29522  98.7534 299.0375 0009281 325.6882  34.3690 14.14312978874450
1 29522U 06050A   23288.57352721  .00000383  00000-0  22335-3 0  9998
2 29522  98.7533 299.1762 0009275 325.2605  34.7962 14.14313007874474
1 29522U 06050A   23288.78576291  .00000385  00000-0  22438-3 0  9997
2 29522  98.7533 299.3842 0009265 324.5954  35.4603 14.14313185874504
1 29522U 06050A   23288.92725336  .00000380  00000-0  22165-3 0  9991
2 29522  98.7533 299.5228 0009263 324.1500  35.9050 14.14313291874526
1 29522U 06050A   23289.13948903  .00000371  00000-0  21708-3 0  9994
2 29522  98.7533 299.7308 0009252 323.5026  36.5516 14.14313456874551
1 29522U 06050A   23289.35172471  .00000363  00000-0  21245-3 0  9994
2 29522  98.7533 299.9388 0009240 322.8635  37.1898 14.14313627874589
1 29522U 06050A   23289.49321515  .00000348  00000-0  20456-3 0  9990
2 29522  98.7533 300.0774 0009234 322.4232  37.6295 14.14313686874608
1 29522U 06050A   23289.56396036  .00000346  00000-0  20386-3 0  9998
2 29522  98.7533 300.1467 0009231 322.2092  37.8432 14.14313741874615
1 29522U 06050A   23289.77619596  .00000344  00000-0  20273-3 0  9993
2 29522  98.7532 300.3547 0009223 321.5498  38.5017 14.14313894874647
1 29522U 06050A   23289.91768632  .00000347  00000-0  20409-3 0  9999
2 29522  98.7532 300.4933 0009220 321.1004  38.9505 14.14314040874665
1 29522U 06050A   23289.91768632  .00000347  00000-0  20409-3 0  9999
2 29522  98.7532 300.4933 0009220 321.1004  38.9505 14.14314040874665
1 29522U 06050A   23290.48364788  .00000327  00000-0  19369-3 0  9998
2 29522  98.7532 301.0479 0009192 319.3761  40.6726 14.14314443874745
1 29522U 06050A   23290.55439306  .00000326  00000-0  19309-3 0  9998
2 29522  98.7532 301.1172 0009190 319.1613  40.8870 14.14314494874757
1 29522U 06050A   23290.83737375  .00000322  00000-0  19122-3 0  9995
2 29522  98.7532 301.3945 0009178 318.2782  41.7690 14.14314664874793
1 29522U 06050A   23291.19109965  .00000314  00000-0  18694-3 0  9997
2 29522  98.7532 301.7412 0009167 317.1936  42.8523 14.14314855874848
1 29522U 06050A   23291.47408025  .00000306  00000-0  18284-3 0  9993
2 29522  98.7532 302.0184 0009153 316.3145  43.7303 14.14315055874889
1 29522U 06050A   23291.82780585  .00000352  00000-0  20678-3 0  9997
2 29522  98.7532 302.3651 0009140 315.2326  44.8109 14.14315527874932
1 29522U 06050A   23291.96929609  .00000357  00000-0  20924-3 0  9993
2 29522  98.7532 302.5037 0009138 314.7894  45.2535 14.14315663874954
1 29522U 06050A   23292.11078634  .00000352  00000-0  20665-3 0  9991
2 29522  98.7532 302.6424 0009132 314.3534  45.6890 14.14315748874970
1 29522U 06050A   23292.46451202  .00000338  00000-0  19974-3 0  9990
2 29522  98.7532 302.9890 0009114 313.2591  46.7821 14.14315930875027
1 29522U 06050A   23292.53525716  .00000332  00000-0  19660-3 0  9996
2 29522  98.7532 303.0583 0009113 313.0318  47.0091 14.14315944875031
1 29522U 06050A   23292.81823753  .00000351  00000-0  20617-3 0  9994
2 29522  98.7531 303.3356 0009109 312.1427  47.8972 14.14316196875077
1 29522U 06050A   23292.95972772  .00000352  00000-0  20694-3 0  9991
2 29522  98.7531 303.4742 0009106 311.6954  48.3439 14.14316313875090
1 29522U 06050A   23293.17196311  .00000323  00000-0  19147-3 0  9992
2 29522  98.7531 303.6822 0009099 311.0301  49.0085 14.14316263875125
1 29522U 06050A   23293.52568858  .00000307  00000-0  18315-3 0  9998
2 29522  98.7531 304.0288 0009091 309.9062  50.1311 14.14316428875171
1 29522U 06050A   23293.52568858  .00000307  00000-0  18315-3 0  9998
2 29522  98.7531 304.0288 0009091 309.9062  50.1311 14.14316428875171
1 29522U 06050A   23293.80866893  .00000308  00000-0  18399-3 0  9992
2 29522  98.7531 304.3061 0009079 309.0171  51.0193 14.14316585875218
1 29522U 06050A   23293.95015910  .00000305  00000-0  18226-3 0  9990
2 29522  98.7531 304.4448 0009076 308.5718  51.4641 14.14316681875237
1 29522U 06050A   23294.09164925  .00000301  00000-0  18016-3 0  9990
2 29522  98.7531 304.5834 0009071 308.1335  51.9020 14.14316771875251
1 29522U 06050A   23294.51611979  .00000260  00000-0  15867-3 0  9998
2 29522  98.7531 304.9993 0009051 306.8144  53.2198 14.14316839875315
1 29522U 06050A   23294.86984507  .00000273  00000-0  16546-3 0  9995
2 29522  98.7531 305.3459 0009039 305.6962  54.3369 14.14317090875365
1 29522U 06050A   23294.94059013  .00000276  00000-0  16688-3 0  9999
2 29522  98.7531 305.4153 0009039 305.4799  54.5530 14.14317149875371
1 29522U 06050A   23295.15282534  .00000270  00000-0  16418-3 0  9994
2 29522  98.7531 305.6232 0009029 304.7964  55.2359 14.14317247875406
1 29522U 06050A   23295.50655053  .00000244  00000-0  15039-3 0  9992
2 29522  98.7531 305.9698 0009019 303.7115  56.3198 14.14317421875453
1 29522U 06050A   23295.57729557  .00000247  00000-0  15198-3 0  9999
2 29522  98.7531 306.0391 0009017 303.4946  56.5365 14.14317468875462
1 29522U 06050A   23295.78953067  .00000254  00000-0  15570-3 0  9999
2 29522  98.7531 306.2471 0009011 302.8065  57.2240 14.14317605875498
1 29522U 06050A   23295.93102064  .00000294  00000-0  17661-3 0  9996
2 29522  98.7530 306.3858 0009012 302.3676  57.6625 14.14317909875512
1 29522U 06050A   23296.21400076  .00000285  00000-0  17164-3 0  9990
2 29522  98.7531 306.6630 0009003 301.4785  58.5508 14.14318039875554
1 29522U 06050A   23296.49698085  .00000265  00000-0  16130-3 0  9999
2 29522  98.7530 306.9403 0008995 300.5936  59.4350 14.14318143875596
1 29522U 06050A   23296.85070582  .00000273  00000-0  16548-3 0  9997
2 29522  98.7530 307.2869 0008991 299.4679  60.5596 14.14318424875645
1 29522U 06050A   23296.92145081  .00000273  00000-0  16570-3 0  9997
2 29522  98.7530 307.3562 0008991 299.2428  60.7846 14.14318476875654
1 29522U 06050A   23297.20443083  .00000265  00000-0  16116-3 0  9999
2 29522  98.7530 307.6335 0008985 298.3587  61.6680 14.14318592875693
1 29522U 06050A   23297.48741076  .00000248  00000-0  15247-3 0  9997
2 29522  98.7530 307.9107 0008977 297.4555  62.5705 14.14318735875731
1 29522U 06050A   23297.55815574  .00000248  00000-0  15251-3 0  9995
2 29522  98.7530 307.9801 0008974 297.2371  62.7887 14.14318779875745
1 29522U 06050A   23298.90231000  .00000237  00000-0  14691-3 0  9996
2 29522  98.7528 309.2971 0008945 292.9402  67.0827 14.14319557875938
1 29522U 06050A   23299.18528978  .00000237  00000-0  14658-3 0  9993
2 29522  98.7528 309.5743 0008943 292.0548  67.9675 14.14319724875978
1 29522U 06050A   23299.53901445  .00000227  00000-0  14170-3 0  9994
2 29522  98.7528 309.9209 0008936 290.9403  69.0813 14.14319893876029
1 29522U 06050A   23299.60975938  .00000227  00000-0  14144-3 0  9991
2 29522  98.7528 309.9902 0008933 290.7172  69.3044 14.14319927876035
1 29522U 06050A   23299.89273900  .00000246  00000-0  15160-3 0  9992
2 29522  98.7527 310.2675 0008929 289.8015  70.2195 14.14320183876074
1 29522U 06050A   23299.96348392  .00000247  00000-0  15201-3 0  9995
2 29522  98.7527 310.3368 0008929 289.5787  70.4422 14.14320229876084
1 29522U 06050A   23300.17571862  .00000269  00000-0  16321-3 0  9999
2 29522  98.7527 310.5448 0008925 288.9036  71.1169 14.14320478876117
1 29522U 06050A   23300.52944321  .00000245  00000-0  15083-3 0  9990
2 29522  98.7527 310.8913 0008920 287.7878  72.2321 14.14320549876169
1 29522U 06050A   23300.52944321  .00000245  00000-0  15083-3 0  9990
2 29522  98.7527 310.8913 0008920 287.7878  72.2321 14.14320549876169
1 29522U 06050A   23300.88316769  .00000255  00000-0  15619-3 0  9994
2 29522  98.7526 311.2379 0008919 286.6705  73.3489 14.14320780876214
1 29522U 06050A   23300.95391258  .00000256  00000-0  15666-3 0  9991
2 29522  98.7526 311.3072 0008919 286.4535  73.5658 14.14320828876228
1 29522U 06050A   23301.02465747  .00000256  00000-0  15661-3 0  9990
2 29522  98.7526 311.3766 0008919 286.2260  73.7932 14.14320871876237
1 29522U 06050A   23301.51987170  .00000261  00000-0  15913-3 0  9999
2 29522  98.7526 311.8618 0008912 284.6576  75.3609 14.14321208876305
1 29522U 06050A   23301.59061658  .00000260  00000-0  15857-3 0  9997
2 29522  98.7526 311.9311 0008913 284.4361  75.5823 14.14321238876311
1 29522U 06050A   23301.87359600  .00000276  00000-0  16714-3 0  9995
2 29522  98.7525 312.2084 0008909 283.5324  76.4856 14.14321498876353
1 29522U 06050A   23301.94434088  .00000274  00000-0  16584-3 0  9990
2 29522  98.7525 312.2777 0008908 283.3062  76.7117 14.14321537876366
1 29522U 06050A   23302.22732028  .00000306  00000-0  18264-3 0  9990
2 29522  98.7525 312.5549 0008906 282.3981  77.6196 14.14321884876400
1 29522U 06050A   23302.51029966  .00000295  00000-0  17720-3 0  9995
2 29522  98.7525 312.8322 0008904 281.4779  78.5394 14.14322034876447
1 29522U 06050A   23302.58104450  .00000297  00000-0  17801-3 0  9996
2 29522  98.7524 312.9015 0008904 281.2607  78.7565 14.14322085876453
1 29522U 06050A   23302.86402382  .00000310  00000-0  18486-3 0  9998
2 29522  98.7524 313.1788 0008906 280.3512  79.6657 14.14322315876492
1 29522U 06050A   23302.93476864  .00000313  00000-0  18645-3 0  9992
2 29522  98.7524 313.2481 0008906 280.1284  79.8884 14.14322380876505
1 29522U 06050A   23303.14700315  .00000308  00000-0  18368-3 0  9993
2 29522  98.7524 313.4561 0008902 279.4370  80.5796 14.14322505876532
1 29522U 06050A   23303.50072728  .00000291  00000-0  17519-3 0  9991
2 29522  98.7524 313.8026 0008898 278.2967  81.7197 14.14322678876589
1 29522U 06050A   23303.85445124  .00000301  00000-0  18011-3 0  9993
2 29522  98.7523 314.1492 0008898 277.1635  82.8527 14.14322983876633
1 29522U 06050A   23303.92519604  .00000301  00000-0  18006-3 0  9990
2 29522  98.7523 314.2185 0008898 276.9383  83.0778 14.14323037876643
1 29522U 06050A   23304.20817529  .00000282  00000-0  17028-3 0  9990
2 29522  98.7523 314.4958 0008896 276.0353  83.9807 14.14323119876686
1 29522U 06050A   23304.49115442  .00000274  00000-0  16629-3 0  9993
2 29522  98.7523 314.7730 0008897 275.1182  84.8975 14.14323314876726
1 29522U 06050A   23304.56189919  .00000274  00000-0  16602-3 0  9992
2 29522  98.7523 314.8424 0008897 274.8957  85.1200 14.14323361876731
1 29522U 06050A   23304.84487828  .00000264  00000-0  16072-3 0  9993
2 29522  98.7522 315.1196 0008899 273.9980  86.0175 14.14323513876772
1 29522U 06050A   23304.91562305  .00000263  00000-0  16054-3 0  9994
2 29522  98.7522 315.1889 0008900 273.7729  86.2426 14.14323562876789
1 29522U 06050A   23305.19860213  .00000263  00000-0  16037-3 0  9995
2 29522  98.7522 315.4662 0008900 272.8794  87.1360 14.14323753876827
1 29522U 06050A   23305.48158111  .00000245  00000-0  15067-3 0  9996
2 29522  98.7522 315.7434 0008895 271.9241  88.0914 14.14323873876869
1 29522U 06050A   23305.55232586  .00000243  00000-0  15001-3 0  9999
2 29522  98.7522 315.8127 0008895 271.7018  88.3136 14.14323914876875
1 29522U 06050A   23305.83530480  .00000251  00000-0  15415-3 0  9992
2 29522  98.7522 316.0900 0008896 270.7960  89.2194 14.14324127876919
1 29522U 06050A   23305.90604954  .00000254  00000-0  15550-3 0  9991
2 29522  98.7522 316.1593 0008897 270.5824  89.4330 14.14324182876922
1 29522U 06050A   23306.18902849  .00000259  00000-0  15804-3 0  9993
2 29522  98.7522 316.4366 0008896 269.6916  90.3238 14.14324402876960
1 29522U 06050A   23306.54275211  .00000246  00000-0  15131-3 0  9998
2 29522  98.7522 316.7831 0008896 268.5549  91.4605 14.14324594877019
1 29522U 06050A   23306.61349683  .00000245  00000-0  15075-3 0  9997
2 29522  98.7522 316.8524 0008896 268.3319  91.6835 14.14324628877028
1 29522U 06050A   23306.82573097  .00000253  00000-0  15523-3 0  9995
2 29522  98.7522 317.0604 0008899 267.6682  92.3472 14.14324763877056
1 29522U 06050A   23306.89647568  .00000253  00000-0  15501-3 0  9993
2 29522  98.7522 317.1297 0008901 267.4481  92.5673 14.14324808877060
1 29522U 06050A   23307.17945454  .00000264  00000-0  16106-3 0  9994
2 29522  98.7522 317.4069 0008902 266.5560  93.4595 14.14325040877106
1 29522U 06050A   23307.46243335  .00000259  00000-0  15832-3 0  9994
2 29522  98.7522 317.6842 0008901 265.6211  94.3945 14.14325207877147
1 29522U 06050A   23307.60392270  .00000272  00000-0  16519-3 0  9991
2 29522  98.7522 317.8228 0008902 265.1800  94.8356 14.14325377877168
1 29522U 06050A   23307.88690147  .00000269  00000-0  16330-3 0  9992
2 29522  98.7522 318.1000 0008909 264.3235  95.6922 14.14325514877206
1 29522U 06050A   23307.95764614  .00000272  00000-0  16496-3 0  9998
2 29522  98.7522 318.1693 0008911 264.1094  95.9063 14.14325575877215
1 29522U 06050A   23308.16988020  .00000287  00000-0  17284-3 0  9993
2 29522  98.7522 318.3773 0008912 263.4275  96.5884 14.14325775877243
1 29522U 06050A   23308.45285889  .00000290  00000-0  17423-3 0  9997
2 29522  98.7522 318.6545 0008915 262.5391  97.4770 14.14325965877284
1 29522U 06050A   23308.59434821  .00000291  00000-0  17503-3 0  9994
2 29522  98.7522 318.7931 0008915 262.0854  97.9308 14.14326070877306
1 29522U 06050A   23308.80658205  .00000327  00000-0  19384-3 0  9991
2 29522  98.7522 319.0010 0008920 261.4425  98.5738 14.14326404877339
1 29522U 06050A   23308.94807135  .00000326  00000-0  19299-3 0  9998
2 29522  98.7521 319.1397 0008923 260.9986  99.0178 14.14326501877350
1 29522U 06050A   23309.16030525  .00000369  00000-0  21575-3 0  9991
2 29522  98.7522 319.3476 0008925 260.3056  99.7109 14.14326883877382
1 29522U 06050A   23309.44328376  .00000365  00000-0  21374-3 0  9999
2 29522  98.7522 319.6248 0008929 259.4335 100.5832 14.14327081877425
1 29522U 06050A   23309.58477308  .00000347  00000-0  20417-3 0  9991
2 29522  98.7521 319.7635 0008929 258.9711 101.0458 14.14327070877447
1 29522U 06050A   23309.79700691  .00000354  00000-0  20811-3 0  9994
2 29522  98.7521 319.9714 0008930 258.2414 101.7757 14.14327247877470
1 29522U 06050A   23309.93849541  .00000518  00000-0  29342-3 0  9998
2 29522  98.7521 320.1100 0008933 257.8214 102.1959 14.14328449877495