1 43013U 17073A   23208.08743984  .00000104  00000-0  69874-4 0  9990
2 43013  98.7127 145.9297 0001316  63.9894 296.1418 14.19548658294630
1 43013U 17073A   23208.36937834  .00000095  00000-0  65725-4 0  9990
2 43013  98.7127 146.2072 0001305  63.6008 296.5302 14.19548689294671
1 43013U 17073A   23208.58083219  .00000093  00000-0  65013-4 0  9991
2 43013  98.7127 146.4152 0001303  63.7095 296.4215 14.19548716294704
1 43013U 17073A   23208.79228600  .00000094  00000-0  65475-4 0  9992
2 43013  98.7127 146.6233 0001297  63.6307 296.5002 14.19548793294736
1 43013U 17073A   23208.86277061  .00000094  00000-0  65226-4 0  9999
2 43013  98.7127 146.6927 0001296  63.7260 296.4049 14.19548812294747
1 43013U 17073A   23209.07422441  .00000097  00000-0  66501-4 0  9997
2 43013  98.7127 146.9008 0001295  63.8968 296.2341 14.19548879294774
1 43013U 17073A   23209.28567823  .00000089  00000-0  62747-4 0  9993
2 43013  98.7127 147.1088 0001289  63.7028 296.4281 14.19548913294802
1 43013U 17073A   23209.56761666  .00000072  00000-0  54724-4 0  9993
2 43013  98.7127 147.3862 0001284  63.7599 296.3709 14.19548914294841
1 43013U 17073A   23209.77907044  .00000068  00000-0  53067-4 0  9992
2 43013  98.7127 147.5943 0001276  63.5830 296.5477 14.19548972294871
1 43013U 17073A   23210.06100876  .00000072  00000-0  54677-4 0  9997
2 43013  98.7127 147.8717 0001269  63.6957 296.4349 14.19549072294910
1 43013U 17073A   23210.41343167  .00000073  00000-0  55518-4 0  9994
2 43013  98.7127 148.2185 0001259  63.4614 296.6691 14.19549198294967
1 43013U 17073A   23210.76585458  .00000079  00000-0  58046-4 0  9998
2 43013  98.7127 148.5653 0001249  63.1984 296.9320 14.19549324295016
1 43013U 17073A   23211.04779288  .00000080  00000-0  58826-4 0  9994
2 43013  98.7128 148.8427 0001247  63.2338 296.8966 14.19549424295051
1 43013U 17073A   23211.40021580  .00000071  00000-0  54233-4 0  9997
2 43013  98.7128 149.1895 0001239  63.0200 297.1103 14.19549475295100
1 43013U 17073A   23211.75263863  .00000077  00000-0  57250-4 0  9995
2 43013  98.7128 149.5363 0001229  62.7411 297.3890 14.19549607295150
1 43013U 17073A   23212.10506147  .00000075  00000-0  56381-4 0  9992
2 43013  98.7128 149.8831 0001226  62.7235 297.4066 14.19549699295207
1 43013U 17073A   23212.38699971  .00000083  00000-0  60117-4 0  9991
2 43013  98.7128 150.1605 0001218  62.4947 297.6353 14.19549810295249
1 43013U 17073A   23212.73942252  .00000097  00000-0  66583-4 0  9991
2 43013  98.7128 150.5073 0001210  62.3427 297.7872 14.19549952295295
1 43013U 17073A   23213.09184532  .00000093  00000-0  64789-4 0  9992
2 43013  98.7128 150.8541 0001208  62.4209 297.7089 14.19550020295348
1 43013U 17073A   23213.79669082  .00000100  00000-0  68318-4 0  9998
2 43013  98.7127 151.5476 0001195  62.0744 298.0553 14.19550211295440
1 43013U 17073A   23214.07862898  .00000103  00000-0  69410-4 0  9997
2 43013  98.7128 151.8250 0001192  62.1581 297.9716 14.19550291295482
1 43013U 17073A   23214.43105168  .00000099  00000-0  67469-4 0  9993
2 43013  98.7127 152.1718 0001183  61.9608 298.1687 14.19550353295536
1 43013U 17073A   23214.78347428  .00000112  00000-0  73921-4 0  9994
2 43013  98.7127 152.5186 0001171  62.0386 298.0909 14.19550518295585
1 43013U 17073A   23215.06541231  .00000122  00000-0  78386-4 0  9995
2 43013  98.7127 152.7960 0001166  62.1663 297.9631 14.19550674295628
1 43013U 17073A   23215.41783496  .00000114  00000-0  74964-4 0  9994
2 43013  98.7127 153.1428 0001154  61.8939 298.2354 14.19550740295676
1 43013U 17073A   23215.77025750  .00000114  00000-0  74982-4 0  9995
2 43013  98.7127 153.4896 0001142  61.6434 298.4858 14.19550859295721
1 43013U 17073A   23216.05219552  .00000113  00000-0  74162-4 0  9991
2 43013  98.7127 153.7671 0001136  61.7657 298.3634 14.19550937295768
1 43013U 17073A   23216.40461806  .00000093  00000-0  64884-4 0  9998
2 43013  98.7127 154.1139 0001125  61.5529 298.5760 14.19550953295812
1 43013U 17073A   23216.75704054  .00000096  00000-0  66243-4 0  9995
2 43013  98.7127 154.4607 0001112  61.1286 299.0002 14.19551079295867
1 43013U 17073A   23217.03897850  .00000101  00000-0  68739-4 0  9993
2 43013  98.7128 154.7381 0001105  61.2360 298.8927 14.19551188295905
1 43013U 17073A   23217.46188536  .00000119  00000-0  77228-4 0  9996
2 43013  98.7128 155.1542 0001098  61.2915 298.8372 14.19551410295964
1 43013U 17073A   23217.74382331  .00000131  00000-0  82689-4 0  9997
2 43013  98.7128 155.4317 0001096  61.4742 298.6544 14.19551550296005
1 43013U 17073A   23218.16673023  .00000117  00000-0  76367-4 0  9995
2 43013  98.7128 155.8478 0001090  61.5805 298.5481 14.19551587296067
1 43013U 17073A   23218.44866811  .00000120  00000-0  77702-4 0  9993
2 43013  98.7128 156.1252 0001082  61.1710 298.9575 14.19551674296103
1 43013U 17073A   23218.80109041  .00000125  00000-0  80127-4 0  9998
2 43013  98.7127 156.4720 0001077  61.3950 298.7334 14.19551830296157
1 43013U 17073A   23219.15351277  .00000116  00000-0  75546-4 0  9996
2 43013  98.7128 156.8188 0001071  61.6118 298.5166 14.19551871296205
1 43013U 17073A   23219.36496612  .00000117  00000-0  76374-4 0  9993
2 43013  98.7128 157.0269 0001063  61.3397 298.7886 14.19551951296238
1 43013U 17073A   23219.78787279  .00000115  00000-0  75361-4 0  9994
2 43013  98.7127 157.4430 0001051  61.5979 298.5303 14.19552087296295
1 43013U 17073A   23220.06981052  .00000115  00000-0  75268-4 0  9998
2 43013  98.7128 157.7205 0001041  61.8372 298.2909 14.19552180296336
1 43013U 17073A   23220.42223267  .00000126  00000-0  80232-4 0  9994
2 43013  98.7128 158.0672 0001030  61.6896 298.4384 14.19552375296385
1 43013U 17073A   23220.70417040  .00000120  00000-0  77550-4 0  9992
2 43013  98.7128 158.3447 0001021  61.6863 298.4416 14.19552421296425
1 43013U 17073A   23221.05659254  .00000112  00000-0  73581-4 0  9997
2 43013  98.7128 158.6915 0001014  61.8621 298.2658 14.19552509296472
1 43013U 17073A   23221.40901468  .00000100  00000-0  68041-4 0  9995
2 43013  98.7128 159.0383 0001004  61.8906 298.2371 14.19552571296528
1 43013U 17073A   23221.69095233  .00000094  00000-0  65373-4 0  9997
2 43013  98.7128 159.3157 0000994  61.8989 298.2288 14.19552629296563
1 43013U 17073A   23222.04337437  .00000095  00000-0  65911-4 0  9991
2 43013  98.7128 159.6625 0000986  62.0775 298.0501 14.19552763296614
1 43013U 17073A   23222.39579641  .00000090  00000-0  63198-4 0  9994
2 43013  98.7128 160.0093 0000972  61.8733 298.2541 14.19552842296664
1 43013U 17073A   23222.81870290  .00000077  00000-0  57340-4 0  9992
2 43013  98.7128 160.4254 0000970  62.2097 297.9177 14.19552910296727
1 43013U 17073A   23223.10064051  .00000081  00000-0  58877-4 0  9996
2 43013  98.7129 160.7029 0000967  62.3588 297.7686 14.19552995296763
1 43013U 17073A   23223.45306252  .00000086  00000-0  61591-4 0  9998
2 43013  98.7129 161.0497 0000962  62.6519 297.4755 14.19553110296818
1 43013U 17073A   23223.80548451  .00000087  00000-0  61980-4 0  9999
2 43013  98.7129 161.3964 0000959  62.8707 297.2567 14.19553208296869
1 43013U 17073A   23224.08742209  .00000088  00000-0  62353-4 0  9993
2 43013  98.7129 161.6739 0000957  62.7366 297.3908 14.19553278296902
1 43013U 17073A   23224.43984403  .00000087  00000-0  62089-4 0  9991
2 43013  98.7129 162.0207 0000950  63.1633 296.9640 14.19553371296959
1 43013U 17073A   23224.79226592  .00000092  00000-0  64275-4 0  9993
2 43013  98.7129 162.3674 0000943  63.5315 296.5958 14.19553490297000
1 43013U 17073A   23225.07420343  .00000098  00000-0  67177-4 0  9995
2 43013  98.7129 162.6449 0000940  63.7770 296.3503 14.19553573297047
1 43013U 17073A   23225.49710965  .00000087  00000-0  62092-4 0  9992
2 43013  98.7129 163.0610 0000926  63.6054 296.5218 14.19553638297104
1 43013U 17073A   23225.77904709  .00000090  00000-0  63275-4 0  9992
2 43013  98.7129 163.3384 0000915  63.5823 296.5447 14.19553739297146
1 43013U 17073A   23226.06098454  .00000087  00000-0  62081-4 0  9996
2 43013  98.7129 163.6159 0000909  63.7266 296.4003 14.19553801297186
1 43013U 17073A   23226.41340634  .00000076  00000-0  56501-4 0  9993
2 43013  98.7130 163.9627 0000893  63.3661 296.7607 14.19553854297235
1 43013U 17073A   23226.76582810  .00000082  00000-0  59586-4 0  9998
2 43013  98.7130 164.3094 0000883  63.6980 296.4287 14.19553978297287
1 43013U 17073A   23227.04776552  .00000078  00000-0  57825-4 0  9997
2 43013  98.7130 164.5869 0000880  63.8414 296.2853 14.19554037297329
1 43013U 17073A   23227.40018728  .00000082  00000-0  59532-4 0  9993
2 43013  98.7131 164.9337 0000871  64.0404 296.0862 14.19554157297372
1 43013U 17073A   23227.75260902  .00000076  00000-0  56724-4 0  9997
2 43013  98.7131 165.2805 0000865  64.2390 295.8875 14.19554212297424
1 43013U 17073A   23228.10503072  .00000084  00000-0  60709-4 0  9992
2 43013  98.7131 165.6273 0000861  64.7515 295.3750 14.19554335297475
1 43013U 17073A   23228.45745242  .00000086  00000-0  61453-4 0  9996
2 43013  98.7131 165.9741 0000851  64.8211 295.3053 14.19554409297525
1 43013U 17073A   23228.73938973  .00000101  00000-0  68580-4 0  9998
2 43013  98.7131 166.2515 0000849  64.9931 295.1334 14.19554548297563
1 43013U 17073A   23229.09181136  .00000106  00000-0  70794-4 0  9994
2 43013  98.7132 166.5982 0000848  65.6711 294.4553 14.19554662297616
1 43013U 17073A   23229.44423300  .00000110  00000-0  72820-4 0  9992
2 43013  98.7132 166.9450 0000839  65.9857 294.1407 14.19554751297663
1 43013U 17073A   23229.79665460  .00000109  00000-0  72563-4 0  9997
2 43013  98.7132 167.2918 0000837  66.7649 293.3615 14.19554847297716
1 43013U 17073A   23230.07859183  .00000113  00000-0  74124-4 0  9997
2 43013  98.7132 167.5692 0000834  67.2441 292.8823 14.19554935297758
1 43013U 17073A   23230.43101338  .00000111  00000-0  73203-4 0  9994
2 43013  98.7132 167.9161 0000820  67.2375 292.8888 14.19554998297800
1 43013U 17073A   23230.78343481  .00000111  00000-0  73219-4 0  9996
2 43013  98.7132 168.2629 0000807  67.4602 292.6660 14.19555128297850
1 43013U 17073A   23231.13585627  .00000114  00000-0  74939-4 0  9999
2 43013  98.7132 168.6096 0000802  68.0964 292.0298 14.19555255297903
1 43013U 17073A   23231.48827777  .00000094  00000-0  65025-4 0  9995
2 43013  98.7132 168.9564 0000792  68.3488 291.7773 14.19555254297956
1 43013U 17073A   23231.84069920  .00000094  00000-0  65233-4 0  9994
2 43013  98.7132 169.3032 0000786  69.0073 291.1187 14.19555374298005
1 43013U 17073A   23232.12263632  .00000096  00000-0  66074-4 0  9998
2 43013  98.7133 169.5807 0000786  69.6355 290.4905 14.19555470298048
1 43013U 17073A   23232.47505768  .00000093  00000-0  64600-4 0  9995
2 43013  98.7133 169.9275 0000774  69.6117 290.5142 14.19555557298099
1 43013U 17073A   23232.75699478  .00000086  00000-0  61326-4 0  9992
2 43013  98.7133 170.2049 0000768  69.7376 290.3882 14.19555625298134
1 43013U 17073A   23233.10941615  .00000083  00000-0  59943-4 0  9994
2 43013  98.7133 170.5518 0000771  70.2635 289.8624 14.19555712298186
1 43013U 17073A   23233.46183749  .00000095  00000-0  65973-4 0  9992
2 43013  98.7134 170.8986 0000768  70.7885 289.3374 14.19555857298230
1 43013U 17073A   23233.81425877  .00000105  00000-0  70715-4 0  9994
2 43013  98.7134 171.2454 0000763  71.0639 289.0620 14.19555999298284
1 43013U 17073A   23234.16668007  .00000114  00000-0  74928-4 0  9997
2 43013  98.7134 171.5922 0000767  71.7343 288.3916 14.19556129298332
1 43013U 17073A   23234.44861705  .00000125  00000-0  79726-4 0  9991
2 43013  98.7134 171.8696 0000757  71.4241 288.7018 14.19556233298373
1 43013U 17073A   23234.73055402  .00000125  00000-0  80178-4 0  9995
2 43013  98.7134 172.1471 0000753  71.6529 288.4729 14.19556327298410
1 43013U 17073A   23235.01249102  .00000112  00000-0  73715-4 0  9994
2 43013  98.7135 172.4245 0000752  71.8286 288.2972 14.19556344298455
1 43013U 17073A   23235.43539646  .00000102  00000-0  68894-4 0  9996
2 43013  98.7135 172.8407 0000743  72.1545 287.9712 14.19556404298513
1 43013U 17073A   23236.77459661  .00000099  00000-0  67497-4 0  9995
2 43013  98.7136 174.1586 0000724  74.9766 285.1490 14.19556817298703
1 43013U 17073A   23236.84508080  .00000096  00000-0  66343-4 0  9999
2 43013  98.7136 174.2280 0000722  75.1686 284.9570 14.19556836298715
1 43013U 17073A   23237.05653343  .00000098  00000-0  67113-4 0  9994
2 43013  98.7136 174.4361 0000724  75.7956 284.3301 14.19556901298747
1 43013U 17073A   23237.40895446  .00000085  00000-0  60852-4 0  9994
2 43013  98.7137 174.7828 0000719  77.1593 282.9663 14.19556953298793
1 43013U 17073A   23237.54992291  .00000084  00000-0  60581-4 0  9993
2 43013  98.7137 174.9215 0000722  77.0067 283.1190 14.19556970298814
1 43013U 17073A   23237.76137549  .00000085  00000-0  61019-4 0  9992
2 43013  98.7137 175.1297 0000717  77.5360 282.5896 14.19557052298843
1 43013U 17073A   23237.90234388  .00000088  00000-0  62612-4 0  9990
2 43013  98.7137 175.2684 0000717  77.7929 282.3328 14.19557117298869
1 43013U 17073A   23238.04331227  .00000091  00000-0  64049-4 0  9996
2 43013  98.7137 175.4071 0000720  78.2026 281.9231 14.19557166298883
1 43013U 17073A   23238.39573328  .00000079  00000-0  58124-4 0  9997
2 43013  98.7138 175.7540 0000717  78.6631 281.4626 14.19557223298933
1 43013U 17073A   23238.53670165  .00000086  00000-0  61420-4 0  9991
2 43013  98.7138 175.8927 0000715  78.5194 281.6063 14.19557276298951
1 43013U 17073A   23238.81863842  .00000082  00000-0  59682-4 0  9991
2 43013  98.7138 176.1702 0000714  79.1196 281.0061 14.19557352298995
1 43013U 17073A   23238.88912259  .00000087  00000-0  61708-4 0  9992
2 43013  98.7138 176.2395 0000713  79.3862 280.7394 14.19557385299009
1 43013U 17073A   23239.10057518  .00000085  00000-0  61119-4 0  9990
2 43013  98.7138 176.4476 0000716  79.5439 280.5818 14.19557418299035
1 43013U 17073A   23239.38251191  .00000093  00000-0  64985-4 0  9996
2 43013  98.7138 176.7251 0000714  80.1398 279.9859 14.19557527299071
1 43013U 17073A   23239.38251191  .00000093  00000-0  64985-4 0  9996
2 43013  98.7138 176.7251 0000714  80.1398 279.9859 14.19557527299071
1 43013U 17073A   23239.80541693  .00000101  00000-0  68805-4 0  9997
2 43013  98.7138 177.1413 0000704  80.7381 279.3875 14.19557667299137
1 43013U 17073A   23239.87590112  .00000094  00000-0  65399-4 0  9990
2 43013  98.7138 177.2107 0000704  80.9220 279.2036 14.19557649299141
1 43013U 17073A   23240.08735366  .00000097  00000-0  66624-4 0  9992
2 43013  98.7139 177.4188 0000710  80.8303 279.2953 14.19557709299179
1 43013U 17073A   23240.36929034  .00000101  00000-0  68510-4 0  9992
2 43013  98.7139 177.6962 0000704  81.2283 278.8973 14.19557786299213
1 43013U 17073A   23240.79219534  .00000090  00000-0  63378-4 0  9990
2 43013  98.7139 178.1125 0000704  82.0966 278.0290 14.19557851299270
1 43013U 17073A   23240.86267947  .00000092  00000-0  64382-4 0  9997
2 43013  98.7139 178.1818 0000703  82.2671 277.8585 14.19557890299281
1 43013U 17073A   23241.14461613  .00000089  00000-0  62810-4 0  9995
2 43013  98.7139 178.4593 0000709  83.0312 277.0945 14.19557941299325
1 43013U 17073A   23241.35606859  .00000085  00000-0  60797-4 0  9999
2 43013  98.7139 178.6674 0000705  83.4323 276.6933 14.19557989299356
1 43013U 17073A   23241.70848936  .00000083  00000-0  60189-4 0  9995
2 43013  98.7139 179.0142 0000702  84.2357 275.8899 14.19558069299402
1 43013U 17073A   23241.84945766  .00000078  00000-0  57452-4 0  9992
2 43013  98.7139 179.1530 0000699  84.0676 276.0580 14.19558093299420
1 43013U 17073A   23242.13139423  .00000076  00000-0  56496-4 0  9995
2 43013  98.7139 179.4305 0000697  84.7238 275.4017 14.19558155299463
1 43013U 17073A   23242.34284665  .00000070  00000-0  53810-4 0  9998
2 43013  98.7140 179.6386 0000691  84.9921 275.1334 14.19558205299499
1 43013U 17073A   23242.69526735  .00000071  00000-0  54198-4 0  9994
2 43013  98.7140 179.9855 0000686  85.6501 274.4753 14.19558287299542
1 43013U 17073A   23242.83623563  .00000065  00000-0  51608-4 0  9993
2 43013  98.7140 180.1242 0000686  85.8024 274.3231 14.19558318299565
1 43013U 17073A   23243.11817217  .00000073  00000-0  55135-4 0  9994
2 43013  98.7140 180.4017 0000689  86.5592 273.5663 14.19558410299607
1 43013U 17073A   23243.47059285  .00000078  00000-0  57586-4 0  9993
2 43013  98.7140 180.7485 0000690  87.0478 273.0777 14.19558516299653
1 43013U 17073A   23243.75252936  .00000084  00000-0  60501-4 0  9990
2 43013  98.7141 181.0260 0000691  87.3859 272.7396 14.19558622299691
1 43013U 17073A   23243.82301349  .00000080  00000-0  58696-4 0  9999
2 43013  98.7141 181.0953 0000691  87.4906 272.6349 14.19558624299705
1 43013U 17073A   23244.10495002  .00000080  00000-0  58460-4 0  9990
2 43013  98.7141 181.3728 0000699  87.9826 272.1430 14.19558681299745
1 43013U 17073A   23244.52785473  .00000105  00000-0  70618-4 0  9997
2 43013  98.7141 181.7891 0000701  88.9275 271.1982 14.19558895299808
1 43013U 17073A   23244.52785473  .00000105  00000-0  70618-4 0  9997
2 43013  98.7141 181.7891 0000701  88.9275 271.1982 14.19558895299808
1 43013U 17073A   23244.80979118  .00000113  00000-0  74381-4 0  9999
2 43013  98.7141 182.0665 0000709  89.6255 270.5002 14.19559013299848
1 43013U 17073A   23244.80979118  .00000113  00000-0  74381-4 0  9999
2 43013  98.7141 182.0665 0000709  89.6255 270.5002 14.19559013299848
1 43013U 17073A   23245.02124352  .00000116  00000-0  75829-4 0  9997
2 43013  98.7142 182.2746 0000712  90.0628 270.0630 14.19559069299871
1 43013U 17073A   23245.51463230  .00000113  00000-0  74366-4 0  9994
2 43013  98.7142 182.7603 0000713  90.8632 269.2626 14.19559161299948
1 43013U 17073A   23245.72608461  .00000116  00000-0  75886-4 0  9995
2 43013  98.7142 182.9684 0000718  91.6336 268.4922 14.19559232299976
1 43013U 17073A   23245.86705259  .00000149  00000-0  91494-4 0  9992
2 43013  98.7142 183.1071 0000720  92.1013 268.0246 14.19559524299991
1 43013U 17073A   23246.07850504  .00000115  00000-0  75174-4 0  9990
2 43013  98.7142 183.3152 0000725  92.2312 267.8947 14.19559337300025
1 43013U 17073A   23246.36044141  .00000128  00000-0  81451-4 0  9993
2 43013  98.7143 183.5927 0000722  92.6743 267.4516 14.19559493300062
1 43013U 17073A   23246.57189369  .00000116  00000-0  75665-4 0  9995
2 43013  98.7143 183.8008 0000723  92.9238 267.2021 14.19559469300093
1 43013U 17073A   23246.71286183  .00000120  00000-0  77412-4 0  9990
2 43013  98.7143 183.9396 0000718  93.1404 266.9854 14.19559533300111
1 43013U 17073A   23247.06528221  .00000117  00000-0  76084-4 0  9991
2 43013  98.7144 184.2864 0000725  93.8107 266.3152 14.19559626300164
1 43013U 17073A   23247.34721853  .00000116  00000-0  75523-4 0  9994
2 43013  98.7144 184.5639 0000723  94.1408 265.9850 14.19559714300206
1 43013U 17073A   23247.55867075  .00000106  00000-0  70897-4 0  9992
2 43013  98.7144 184.7720 0000724  94.5928 265.5331 14.19559695300232
1 43013U 17073A   23247.77012296  .00000103  00000-0  69704-4 0  9995
2 43013  98.7144 184.9801 0000725  95.0294 265.0965 14.19559766300267
1 43013U 17073A   23248.12254328  .00000104  00000-0  70101-4 0  9993
2 43013  98.7145 185.3269 0000737  96.2230 263.9030 14.19559873300312
1 43013U 17073A   23248.47496359  .00000093  00000-0  64796-4 0  9993
2 43013  98.7145 185.6738 0000737  96.6495 263.4765 14.19559931300363
1 43013U 17073A   23248.54544764  .00000094  00000-0  65310-4 0  9999
2 43013  98.7145 185.7432 0000738  96.7742 263.3519 14.19559953300373
1 43013U 17073A   23248.82738382  .00000100  00000-0  68119-4 0  9999
2 43013  98.7145 186.0206 0000740  97.2139 262.9122 14.19560095300414
1 43013U 17073A   23249.03883599  .00000095  00000-0  65967-4 0  9995
2 43013  98.7146 186.2287 0000744  97.5454 262.5807 14.19560133300445
1 43013U 17073A   23249.46174031  .00000102  00000-0  69042-4 0  9993
2 43013  98.7146 186.6450 0000745  97.9189 262.2072 14.19560279300500
1 43013U 17073A   23249.53222437  .00000101  00000-0  68759-4 0  9998
2 43013  98.7146 186.7143 0000750  97.8647 262.2614 14.19560296300516
1 43013U 17073A   23249.74367649  .00000103  00000-0  69684-4 0  9996
2 43013  98.7146 186.9224 0000750  98.0791 262.0471 14.19560369300544
1 43013U 17073A   23249.88464453  .00000115  00000-0  75129-4 0  9996
2 43013  98.7147 187.0612 0000749  98.1328 261.9933 14.19560483300563
1 43013U 17073A   23250.09609662  .00000122  00000-0  78705-4 0  9995
2 43013  98.7147 187.2693 0000758  98.5251 261.6011 14.19560572300599
1 43013U 17073A   23250.37803278  .00000117  00000-0  76168-4 0  9990
2 43013  98.7147 187.5468 0000752  98.8969 261.2293 14.19560610300631
1 43013U 17073A   23250.51900089  .00000108  00000-0  71810-4 0  9993
2 43013  98.7147 187.6855 0000759  98.9655 261.1607 14.19560577300654
1 43013U 17073A   23250.73045299  .00000108  00000-0  71993-4 0  9992
2 43013  98.7148 187.8936 0000764  99.2560 260.8703 14.19560640300689
1 43013U 17073A   23250.87142102  .00000121  00000-0  77898-4 0  9993
2 43013  98.7148 188.0324 0000768  99.6109 260.5154 14.19560749300700
1 43013U 17073A   23251.08287310  .00000120  00000-0  77372-4 0  9994
2 43013  98.7148 188.2405 0000775  99.7215 260.4049 14.19560797300737
1 43013U 17073A   23251.43529320  .00000112  00000-0  73617-4 0  9992
2 43013  98.7148 188.5874 0000776 100.2528 259.8735 14.19560855300780
1 43013U 17073A   23251.57626129  .00000114  00000-0  74749-4 0  9991
2 43013  98.7148 188.7261 0000785 100.0393 260.0872 14.19560874300800
1 43013U 17073A   23251.78771328  .00000122  00000-0  78562-4 0  9992
2 43013  98.7149 188.9342 0000782 100.3713 259.7551 14.19560991300831
1 43013U 17073A   23251.85819728  .00000128  00000-0  81505-4 0  9994
2 43013  98.7149 189.0036 0000786 100.5067 259.6198 14.19561052300847
1 43013U 17073A   23252.14013332  .00000107  00000-0  71542-4 0  9991
2 43013  98.7149 189.2811 0000793 100.8063 259.3202 14.19561038300888
1 43013U 17073A   23252.42206936  .00000094  00000-0  65332-4 0  9991
2 43013  98.7149 189.5586 0000790 100.9018 259.2247 14.19561063300929
1 43013U 17073A   23252.49255334  .00000107  00000-0  71308-4 0  9999
2 43013  98.7149 189.6279 0000789 101.0613 259.0652 14.19561139300933
1 43013U 17073A   23252.77448933  .00000101  00000-0  68671-4 0  9992
2 43013  98.7149 189.9054 0000791 101.4129 258.7136 14.19561213300976
1 43013U 17073A   23253.05642526  .00000106  00000-0  70871-4 0  9998
2 43013  98.7150 190.1830 0000796 101.8926 258.2340 14.19561335301011
1 43013U 17073A   23253.40884527  .00000095  00000-0  65717-4 0  9996
2 43013  98.7150 190.5298 0000800 101.9350 258.1916 14.19561379301062
1 43013U 17073A   23253.54981327  .00000092  00000-0  64303-4 0  9994
2 43013  98.7150 190.6686 0000811 102.0485 258.0782 14.19561401301085
1 43013U 17073A   23253.83174919  .00000092  00000-0  64134-4 0  9999
2 43013  98.7150 190.9461 0000812 102.7708 257.3559 14.19561504301128
1 43013U 17073A   23254.04320113  .00000096  00000-0  66193-4 0  9993
2 43013  98.7151 191.1542 0000820 102.6018 257.5250 14.19561590301152
1 43013U 17073A   23254.39562105  .00000098  00000-0  67062-4 0  9998
2 43013  98.7151 191.5012 0000824 103.0333 257.0935 14.19561679301206
1 43013U 17073A   23254.53658897  .00000109  00000-0  72346-4 0  9992
2 43013  98.7151 191.6399 0000826 103.0780 257.0489 14.19561766301226
1 43013U 17073A   23254.74804088  .00000112  00000-0  73636-4 0  9997
2 43013  98.7151 191.8480 0000828 103.1764 256.9505 14.19561848301255
1 43013U 17073A   23255.10046067  .00000131  00000-0  82695-4 0  9999
2 43013  98.7152 192.1948 0000835 103.0980 257.0290 14.19562036301305
1 43013U 17073A   23255.45288052  .00000134  00000-0  84091-4 0  9994
2 43013  98.7152 192.5418 0000836 103.5223 256.6046 14.19562120301350
1 43013U 17073A   23255.52336447  .00000135  00000-0  84624-4 0  9997
2 43013  98.7152 192.6111 0000831 103.2112 256.9157 14.19562147301366
1 43013U 17073A   23255.73481633  .00000135  00000-0  84807-4 0  9991
2 43013  98.7152 192.8192 0000833 103.3427 256.7842 14.19562224301397
1 43013U 17073A   23255.87578413  .00000151  00000-0  92382-4 0  9994
2 43013  98.7153 192.9580 0000837 103.6585 256.4684 14.19562402301414
1 43013U 17073A   23256.08723594  .00000163  00000-0  97810-4 0  9994
2 43013  98.7153 193.1661 0000845 103.6291 256.4979 14.19562509301448
1 43013U 17073A   23256.43965560  .00000183  00000-0  10745-3 0  9997
2 43013  98.7154 193.5130 0000850 104.1507 255.9764 14.19562720301492
1 43013U 17073A   23256.51013959  .00000163  00000-0  97818-4 0  9997
2 43013  98.7154 193.5823 0000856 104.0823 256.0449 14.19562622301502
1 43013U 17073A   23256.72159137  .00000160  00000-0  96487-4 0  9997
2 43013  98.7154 193.7905 0000856 104.3532 255.7739 14.19562695301536
1 43013U 17073A   23256.86255924  .00000152  00000-0  92819-4 0  9999
2 43013  98.7154 193.9292 0000857 104.5632 255.5640 14.19562706301555
1 43013U 17073A   23257.07401100  .00000158  00000-0  95842-4 0  9997
2 43013  98.7155 194.1374 0000867 104.7729 255.3543 14.19562804301582
1 43013U 17073A   23257.42643063  .00000152  00000-0  92771-4 0  9994
2 43013  98.7155 194.4842 0000874 105.1540 254.9733 14.19562893301639
1 43013U 17073A   23257.49691457  .00000152  00000-0  92981-4 0  9994
2 43013  98.7155 194.5536 0000877 105.1094 255.0180 14.19562916301642
1 43013U 17073A   23257.77885018  .00000153  00000-0  93176-4 0  9991
2 43013  98.7155 194.8311 0000877 105.5618 254.5655 14.19563037301682
1 43013U 17073A   23257.84933411  .00000129  00000-0  81876-4 0  9997
2 43013  98.7155 194.9005 0000883 105.6866 254.4408 14.19562939301692
1 43013U 17073A   23258.13126979  .00000139  00000-0  86816-4 0  9993
2 43013  98.7156 195.1780 0000907 105.8525 254.2752 14.19563096301737
1 43013U 17073A   23258.41320541  .00000136  00000-0  85213-4 0  9992
2 43013  98.7156 195.4556 0000912 106.0515 254.0761 14.19563184301779
1 43013U 17073A   23258.48368932  .00000124  00000-0  79425-4 0  9990
2 43013  98.7156 195.5250 0000908 105.9697 254.1579 14.19563125301789
1 43013U 17073A   23258.76562486  .00000116  00000-0  75495-4 0  9995
2 43013  98.7156 195.8025 0000911 106.1809 253.9467 14.19563215301822
1 43013U 17073A   23259.11804432  .00000112  00000-0  73649-4 0  9990
2 43013  98.7157 196.1493 0000924 106.6039 253.5239 14.19563321301876
1 43013U 17073A   23259.39997985  .00000125  00000-0  80025-4 0  9996
2 43013  98.7157 196.4269 0000924 106.8089 253.3188 14.19563486301915
1 43013U 17073A   23259.54094766  .00000116  00000-0  75861-4 0  9990
2 43013  98.7157 196.5656 0000929 106.6819 253.4459 14.19563472301939
1 43013U 17073A   23259.75239930  .00000118  00000-0  76874-4 0  9994
2 43013  98.7158 196.7738 0000931 106.7649 253.3629 14.19563566301963
1 43013U 17073A   23260.03433479  .00000127  00000-0  80815-4 0  9991
2 43013  98.7158 197.0513 0000942 107.0042 253.1238 14.19563707302008
1 43013U 17073A   23260.45723797  .00000150  00000-0  91598-4 0  9998
2 43013  98.7159 197.4676 0000942 107.0833 253.0447 14.19563974302064
1 43013U 17073A   23260.52772181  .00000157  00000-0  95006-4 0  9992
2 43013  98.7159 197.5370 0000947 106.9420 253.1860 14.19564029302074
1 43013U 17073A   23260.80965725  .00000146  00000-0  89697-4 0  9998
2 43013  98.7159 197.8145 0000947 106.9643 253.1637 14.19564107302118
1 43013U 17073A   23261.02110889  .00000156  00000-0  94684-4 0  9999
2 43013  98.7160 198.0226 0000958 107.2391 252.8890 14.19564193302144
1 43013U 17073A   23261.44401209  .00000140  00000-0  87164-4 0  9992
2 43013  98.7160 198.4389 0000965 107.4267 252.7015 14.19564219302204
1 43013U 17073A   23261.51449594  .00000141  00000-0  87656-4 0  9996
2 43013  98.7160 198.5083 0000967 107.2512 252.8770 14.19564240302213
1 43013U 17073A   23261.72594748  .00000146  00000-0  89720-4 0  9990
2 43013  98.7160 198.7164 0000968 107.0936 253.0346 14.19564333302242
1 43013U 17073A   23261.86691515  .00000151  00000-0  92227-4 0  9997
2 43013  98.7161 198.8552 0000975 107.4164 252.7118 14.19564422302264
1 43013U 17073A   23262.07836667  .00000154  00000-0  93946-4 0  9992
2 43013  98.7161 199.0633 0000984 107.2806 252.8478 14.19564505302293
1 43013U 17073A   23262.43078578  .00000154  00000-0  93627-4 0  9997
2 43013  98.7161 199.4103 0000992 107.5995 252.5289 14.19564642302345
1 43013U 17073A   23262.78320480  .00000159  00000-0  95851-4 0  9993
2 43013  98.7161 199.7572 0000995 107.6645 252.4640 14.19564824302391
1 43013U 17073A   23263.13562385  .00000173  00000-0  10282-3 0  9995
2 43013  98.7162 200.1041 0001008 107.7633 252.3653 14.19565044302448
1 43013U 17073A   23263.41755906  .00000171  00000-0  10181-3 0  9995
2 43013  98.7162 200.3817 0001012 108.0658 252.0629 14.19565145302483
1 43013U 17073A   23263.55852668  .00000161  00000-0  97193-4 0  9991
2 43013  98.7162 200.5204 0001019 108.2943 251.8344 14.19565145302505
1 43013U 17073A   23263.76997805  .00000159  00000-0  96299-4 0  9990
2 43013  98.7163 200.7286 0001017 108.2164 251.9123 14.19565249302535
1 43013U 17073A   23263.84046184  .00000159  00000-0  96260-4 0  9992
2 43013  98.7163 200.7980 0001018 108.3440 251.7847 14.19565273302544
1 43013U 17073A   23264.05191322  .00000157  00000-0  95212-4 0  9995
2 43013  98.7163 201.0061 0001027 108.4410 251.6878 14.19565346302573
1 43013U 17073A   23264.40433211  .00000168  00000-0  10037-3 0  9993
2 43013  98.7164 201.3531 0001026 108.6743 251.4544 14.19565561302622
1 43013U 17073A   23264.54529972  .00000156  00000-0  94512-4 0  9996
2 43013  98.7164 201.4919 0001028 108.5200 251.6087 14.19565532302646
1 43013U 17073A   23264.75675106  .00000152  00000-0  92954-4 0  9994
2 43013  98.7165 201.7000 0001028 108.5089 251.6199 14.19565622302673
1 43013U 17073A   23264.89771859  .00000153  00000-0  93192-4 0  9997
2 43013  98.7165 201.8388 0001031 108.6079 251.5209 14.19565702302699
1 43013U 17073A   23265.10916994  .00000149  00000-0  91262-4 0  9994
2 43013  98.7165 202.0469 0001042 108.2177 251.9113 14.19565765302720
1 43013U 17073A   23265.46158878  .00000156  00000-0  94732-4 0  9995
2 43013  98.7166 202.3939 0001046 108.3569 251.7721 14.19565943302772
1 43013U 17073A   23265.53207256  .00000159  00000-0  96199-4 0  9990
2 43013  98.7166 202.4633 0001058 108.1937 251.9354 14.19565982302782
1 43013U 17073A   23265.74352381  .00000162  00000-0  97354-4 0  9991
2 43013  98.7167 202.6714 0001056 108.0239 252.1053 14.19566088302818
1 43013U 17073A   23265.88449128  .00000172  00000-0  10203-3 0  9990
2 43013  98.7167 202.8102 0001057 108.1369 251.9923 14.19566194302830
1 43013U 17073A   23266.09594252  .00000178  00000-0  10526-3 0  9997
2 43013  98.7167 203.0183 0001066 108.0254 252.1038 14.19566303302869
1 43013U 17073A   23266.44836124  .00000177  00000-0  10475-3 0  9995
2 43013  98.7168 203.3653 0001067 108.0878 252.0415 14.19566421302913
1 43013U 17073A   23266.51884503  .00000172  00000-0  10244-3 0  9996
2 43013  98.7168 203.4346 0001073 107.8971 252.2322 14.19566410302929
1 43013U 17073A   23266.80077997  .00000169  00000-0  10094-3 0  9998
2 43013  98.7169 203.7122 0001077 107.8964 252.2330 14.19566530302967
1 43013U 17073A   23267.15319865  .00000161  00000-0  96925-4 0  9990
2 43013  98.7169 204.0591 0001093 107.7929 252.3367 14.19566629303016
1 43013U 17073A   23267.50561724  .00000182  00000-0  10705-3 0  9996
2 43013  98.7170 204.4061 0001098 107.2297 252.8999 14.19566862303062
1 43013U 17073A   23267.85803574  .00000176  00000-0  10410-3 0  9992
2 43013  98.7171 204.7530 0001099 107.3555 252.7742 14.19567013303116
1 43013U 17073A   23268.13997036  .00000212  00000-0  12119-3 0  9990
2 43013  98.7171 205.0306 0001117 107.4323 252.6975 14.19567411303159
1 43013U 17073A   23268.35142138  .00000211  00000-0  12077-3 0  9991
2 43013  98.7171 205.2387 0001116 107.4067 252.7231 14.19567527303181
1 43013U 17073A   23268.49238893  .00000193  00000-0  11207-3 0  9993
2 43013  98.7171 205.3775 0001119 107.3418 252.7880 14.19567414303203
1 43013U 17073A   23268.84480730  .00000185  00000-0  10818-3 0  9999
2 43013  98.7172 205.7245 0001120 107.4064 252.7234 14.19567575303256
1 43013U 17073A   23268.91529098  .00000185  00000-0  10818-3 0  9998
2 43013  98.7172 205.7938 0001129 107.6998 252.4302 14.19567601303266
1 43013U 17073A   23269.12674207  .00000172  00000-0  10205-3 0  9991
2 43013  98.7172 206.0020 0001137 107.6732 252.4569 14.19567619303294
1 43013U 17073A   23269.47916028  .00000193  00000-0  11197-3 0  9993
2 43013  98.7173 206.3490 0001136 107.6181 252.5119 14.19567911303349
1 43013U 17073A   23269.83157864  .00000170  00000-0  10150-3 0  9991
2 43013  98.7173 206.6960 0001149 106.8415 253.2887 14.19568012303397
1 43013U 17073A   23270.11351325  .00000169  00000-0  10072-3 0  9993
2 43013  98.7173 206.9736 0001162 106.9102 253.2202 14.19568126303432
1 43013U 17073A   23270.39544790  .00000162  00000-0  97358-4 0  9999
2 43013  98.7174 207.2512 0001169 106.8496 253.2808 14.19568213303474
1 43013U 17073A   23270.46593156  .00000164  00000-0  98363-4 0  9996
2 43013  98.7174 207.3206 0001167 106.7886 253.3418 14.19568235303488
1 43013U 17073A   23270.81834972  .00000166  00000-0  99520-4 0  9997
2 43013  98.7174 207.6675 0001171 106.7738 253.3566 14.19568413303530
1 43013U 17073A   23271.17076796  .00000161  00000-0  96862-4 0  9990
2 43013  98.7175 208.0145 0001184 106.5488 253.5819 14.19568510303588
1 43013U 17073A   23271.45270246  .00000160  00000-0  96767-4 0  9990
2 43013  98.7175 208.2921 0001186 106.4847 253.6459 14.19568625303625
1 43013U 17073A   23271.59366970  .00000170  00000-0  10129-3 0  9993
2 43013  98.7175 208.4309 0001190 106.2662 253.8645 14.19568733303646
1 43013U 17073A   23271.73463692  .00000169  00000-0  10068-3 0  9998
2 43013  98.7175 208.5697 0001190 106.3071 253.8236 14.19568801303666
1 43013U 17073A   23271.87560416  .00000165  00000-0  98710-4 0  9992
2 43013  98.7175 208.7085 0001192 106.2040 253.9267 14.19568843303689
1 43013U 17073A   23272.15753864  .00000173  00000-0  10292-3 0  9992
2 43013  98.7176 208.9861 0001201 106.2573 253.8735 14.19568970303721
1 43013U 17073A   23272.50995663  .00000174  00000-0  10318-3 0  9996
2 43013  98.7176 209.3330 0001212 106.0439 254.0871 14.19569148303775
1 43013U 17073A   23272.50995663  .00000174  00000-0  10318-3 0  9996
2 43013  98.7176 209.3330 0001212 106.0439 254.0871 14.19569148303775
1 43013U 17073A   23272.79189097  .00000179  00000-0  10549-3 0  9994
2 43013  98.7177 209.6106 0001212 106.0337 254.0973 14.19569305303810
1 43013U 17073A   23273.14430900  .00000175  00000-0  10381-3 0  9996
2 43013  98.7177 209.9576 0001233 105.4873 254.6439 14.19569426303867
1 43013U 17073A   23273.21479258  .00000174  00000-0  10337-3 0  9993
2 43013  98.7177 210.0270 0001234 105.5010 254.6303 14.19569462303877
1 43013U 17073A   23273.49672678  .00000174  00000-0  10305-3 0  9999
2 43013  98.7178 210.3046 0001218 105.3932 254.7379 14.19569595303911
1 43013U 17073A   23273.77866110  .00000159  00000-0  96285-4 0  9991
2 43013  98.7178 210.5821 0001226 105.4242 254.7069 14.19569673303955
1 43013U 17073A   23274.13107879  .00000199  00000-0  11512-3 0  9995
2 43013  98.7179 210.9291 0001241 105.5317 254.5997 14.19570074304004
1 43013U 17073A   23274.41301295  .00000203  00000-0  11701-3 0  9990
2 43013  98.7180 211.2067 0001241 105.3754 254.7559 14.19570237304045
1 43013U 17073A   23274.55398010  .00000187  00000-0  10938-3 0  9998
2 43013  98.7180 211.3455 0001239 105.2056 254.9257 14.19570203304060
1 43013U 17073A   23274.76543075  .00000173  00000-0  10259-3 0  9995
2 43013  98.7180 211.5537 0001241 105.1680 254.9633 14.19570262304094
1 43013U 17073A   23274.83591430  .00000176  00000-0  10404-3 0  9996
2 43013  98.7180 211.6231 0001244 105.1374 254.9940 14.19570315304101
1 43013U 17073A   23275.11784844  .00000176  00000-0  10432-3 0  9992
2 43013  98.7181 211.9007 0001250 104.9523 255.1791 14.19570444304140
1 43013U 17073A   23275.47026606  .00000186  00000-0  10883-3 0  9997
2 43013  98.7182 212.2477 0001254 104.8732 255.2583 14.19570663304199
1 43013U 17073A   23275.82268371  .00000175  00000-0  10357-3 0  9997
2 43013  98.7182 212.5947 0001264 104.6246 255.5070 14.19570787304240
1 43013U 17073A   23275.82268371  .00000175  00000-0  10357-3 0  9997
2 43013  98.7182 212.5947 0001264 104.6246 255.5070 14.19570787304240
1 43013U 17073A   23276.10461780  .00000179  00000-0  10532-3 0  9997
2 43013  98.7183 212.8723 0001277 104.3806 255.7512 14.19570933304289
1 43013U 17073A   23276.45703540  .00000183  00000-0  10728-3 0  9990
2 43013  98.7183 213.2193 0001291 104.1457 255.9863 14.19571086304338
1 43013U 17073A   23276.52751886  .00000188  00000-0  10981-3 0  9990
2 43013  98.7184 213.2887 0001286 104.1213 256.0106 14.19571149304346
1 43013U 17073A   23276.80945285  .00000206  00000-0  11824-3 0  9997
2 43013  98.7184 213.5663 0001297 103.8331 256.2989 14.19571345304383
1 43013U 17073A   23276.87993630  .00000222  00000-0  12573-3 0  9991
2 43013  98.7184 213.6357 0001303 104.0200 256.1121 14.19571455304390
1 43013U 17073A   23277.16187031  .00000228  00000-0  12895-3 0  9997
2 43013  98.7185 213.9133 0001313 103.8335 256.2987 14.19571606304437
1 43013U 17073A   23277.44380421  .00000225  00000-0  12738-3 0  9999
2 43013  98.7185 214.1909 0001308 103.6817 256.4505 14.19571729304476
1 43013U 17073A   23277.58477112  .00000231  00000-0  13031-3 0  9992
2 43013  98.7185 214.3298 0001305 103.7991 256.3330 14.19571831304491
1 43013U 17073A   23277.79622152  .00000226  00000-0  12766-3 0  9999
2 43013  98.7186 214.5380 0001308 103.6018 256.5304 14.19571936304521
1 43013U 17073A   23277.86670499  .00000224  00000-0  12675-3 0  9991
2 43013  98.7186 214.6074 0001311 103.6497 256.4825 14.19571959304530
1 43013U 17073A   23278.14863884  .00000244  00000-0  13627-3 0  9995
2 43013  98.7187 214.8850 0001319 103.3654 256.7669 14.19572208304576
1 43013U 17073A   23278.43057258  .00000245  00000-0  13682-3 0  9999
2 43013  98.7187 215.1626 0001322 103.2800 256.8524 14.19572382304616
1 43013U 17073A   23278.57153943  .00000245  00000-0  13666-3 0  9994
2 43013  98.7187 215.3014 0001328 103.2975 256.8349 14.19572440304630
1 43013U 17073A   23278.85347315  .00000242  00000-0  13533-3 0  9993
2 43013  98.7187 215.5790 0001332 103.1176 257.0149 14.19572599304670
1 43013U 17073A   23279.13540691  .00000257  00000-0  14258-3 0  9998
2 43013  98.7188 215.8567 0001341 102.9956 257.1370 14.19572819304716
1 43013U 17073A   23279.48782393  .00000244  00000-0  13652-3 0  9996
2 43013  98.7188 216.2037 0001343 102.8533 257.2793 14.19572976304764
1 43013U 17073A   23279.55830733  .00000243  00000-0  13611-3 0  9990
2 43013  98.7188 216.2731 0001344 102.9006 257.2321 14.19573009304778
1 43013U 17073A   23279.84024094  .00000238  00000-0  13344-3 0  9994
2 43013  98.7189 216.5507 0001349 102.7715 257.3612 14.19573161304811
1 43013U 17073A   23279.91072432  .00000243  00000-0  13580-3 0  9999
2 43013  98.7189 216.6201 0001352 102.8036 257.3291 14.19573219304822
1 43013U 17073A   23280.05169110  .00000246  00000-0  13708-3 0  9991
2 43013  98.7189 216.7589 0001357 102.6687 257.4641 14.19573310304841
1 43013U 17073A   23280.47459151  .00000230  00000-0  12989-3 0  9997
2 43013  98.7190 217.1753 0001367 102.3922 257.7407 14.19573488304907
1 43013U 17073A   23280.54507487  .00000234  00000-0  13143-3 0  9998
2 43013  98.7190 217.2447 0001366 102.3368 257.7961 14.19573541304917
1 43013U 17073A   23280.82700837  .00000233  00000-0  13134-3 0  9992
2 43013  98.7191 217.5223 0001369 102.1044 258.0286 14.19573720304952
1 43013U 17073A   23280.89749172  .00000237  00000-0  13306-3 0  9999
2 43013  98.7191 217.5917 0001370 102.1331 257.9998 14.19573776304963
1 43013U 17073A   23281.10894184  .00000230  00000-0  12988-3 0  9996
2 43013  98.7191 217.8000 0001376 101.9613 258.1718 14.19573864304999
1 43013U 17073A   23281.46135864  .00000240  00000-0  13435-3 0  9997
2 43013  98.7192 218.1470 0001370 101.5699 258.5631 14.19574100305048
1 43013U 17073A   23281.53184197  .00000247  00000-0  13773-3 0  9990
2 43013  98.7192 218.2164 0001371 101.5409 258.5921 14.19574181305051
1 43013U 17073A   23281.81377535  .00000248  00000-0  13841-3 0  9998
2 43013  98.7192 218.4940 0001374 101.2267 258.9064 14.19574358305099
1 43013U 17073A   23281.81377535  .00000251  00000-0  13948-3 0  9990
2 43013  98.7192 218.4940 0001374 101.2221 258.9110 14.19574369305093
1 43013U 17073A   23282.09570873  .00000251  00000-0  13973-3 0  9999
2 43013  98.7193 218.7716 0001389 100.7948 259.3385 14.19574516305132
1 43013U 17073A   23282.37764209  .00000245  00000-0  13685-3 0  9991
2 43013  98.7193 219.0492 0001388 100.6410 259.4923 14.19574653305174
1 43013U 17073A   23282.58909210  .00000235  00000-0  13218-3 0  9998
2 43013  98.7193 219.2575 0001391 100.6191 259.5142 14.19574696305203
1 43013U 17073A   23282.87102530  .00000246  00000-0  13719-3 0  9998
2 43013  98.7194 219.5351 0001397 100.3384 259.7950 14.19574954305246
1 43013U 17073A   23283.22344186  .00000245  00000-0  13693-3 0  9993
2 43013  98.7195 219.8821 0001406 100.1877 259.9458 14.19575150305297
1 43013U 17073A   23283.50537502  .00000255  00000-0  14167-3 0  9998
2 43013  98.7195 220.1598 0001409  99.8702 260.2633 14.19575348305331
1 43013U 17073A   23283.57585831  .00000255  00000-0  14140-3 0  9994
2 43013  98.7195 220.2292 0001410  99.9282 260.2054 14.19575382305345
1 43013U 17073A   23283.85779140  .00000250  00000-0  13940-3 0  9995
2 43013  98.7196 220.5068 0001407  99.8576 260.2759 14.19575533305385
1 43013U 17073A   23284.13972454  .00000260  00000-0  14393-3 0  9994
2 43013  98.7196 220.7844 0001418  99.5133 260.6204 14.19575738305428
1 43013U 17073A   23284.49214082  .00000263  00000-0  14555-3 0  9992
2 43013  98.7196 221.1315 0001420  99.3097 260.8239 14.19575978305477
1 43013U 17073A   23284.56262407  .00000262  00000-0  14502-3 0  9995
2 43013  98.7196 221.2009 0001419  99.4768 260.6568 14.19576009305482
1 43013U 17073A   23284.84455704  .00000263  00000-0  14530-3 0  9992
2 43013  98.7197 221.4785 0001425  99.2659 260.8679 14.19576221305526
1 43013U 17073A   23285.12649004  .00000262  00000-0  14471-3 0  9995
2 43013  98.7198 221.7562 0001435  99.3008 260.8331 14.19576360305566
1 43013U 17073A   23285.54938946  .00000242  00000-0  13520-3 0  9999
2 43013  98.7198 222.1727 0001434  99.1954 260.9385 14.19576540305628
1 43013U 17073A   23285.76083913  .00000235  00000-0  13213-3 0  9999
2 43013  98.7199 222.3809 0001434  99.0730 261.0609 14.19576653305652
1 43013U 17073A   23285.90180554  .00000225  00000-0  12723-3 0  9998
2 43013  98.7199 222.5197 0001431  99.1393 260.9945 14.19576715305679
1 43013U 17073A   23286.11325524  .00000224  00000-0  12669-3 0  9998
2 43013  98.7200 222.7279 0001445  98.9177 261.2163 14.19576815305708
1 43013U 17073A   23286.53615450  .00000226  00000-0  12773-3 0  9992
2 43013  98.7201 223.1444 0001458  98.5740 261.5602 14.19577088305764
1 43013U 17073A   23286.53615450  .00000226  00000-0  12773-3 0  9992
2 43013  98.7201 223.1444 0001458  98.5740 261.5602 14.19577088305764
1 43013U 17073A   23286.81808721  .00000249  00000-0  13875-3 0  9997
2 43013  98.7201 223.4220 0001454  98.2220 261.9121 14.19577382305807
1 43013U 17073A   23286.88857041  .00000251  00000-0  13948-3 0  9997
2 43013  98.7201 223.4914 0001459  98.1420 261.9921 14.19577427305812
1 43013U 17073A   23287.17050324  .00000245  00000-0  13700-3 0  9998
2 43013  98.7202 223.7691 0001472  97.8488 262.2855 14.19577520305851
1 43013U 17073A   23287.45243591  .00000259  00000-0  14328-3 0  9991
2 43013  98.7202 224.0467 0001474  97.6533 262.4811 14.19577736305894
1 43013U 17073A   23287.52291912  .00000253  00000-0  14054-3 0  9999
2 43013  98.7202 224.1161 0001477  97.3566 262.7778 14.19577722305904
1 43013U 17073A   23287.80485181  .00000255  00000-0  14151-3 0  9993
2 43013  98.7203 224.3938 0001483  97.2125 262.9219 14.19577896305944
1 43013U 17073A   23287.87533500  .00000251  00000-0  13973-3 0  9996
2 43013  98.7203 224.4632 0001488  97.1883 262.9462 14.19577907305955
1 43013U 17073A   23288.15726769  .00000258  00000-0  14285-3 0  9993
2 43013  98.7204 224.7409 0001492  96.8891 263.2455 14.19578068305990
1 43013U 17073A   23288.50968351  .00000244  00000-0  13632-3 0  9997
2 43013  98.7204 225.0879 0001490  96.5556 263.5790 14.19578168306041
1 43013U 17073A   23288.58016666  .00000243  00000-0  13585-3 0  9994
2 43013  98.7204 225.1574 0001491  96.6359 263.4987 14.19578199306059
1 43013U 17073A   23288.79161608  .00000241  00000-0  13512-3 0  9992
2 43013  98.7205 225.3656 0001490  96.3846 263.7500 14.19578332306086
1 43013U 17073A   23288.86209922  .00000230  00000-0  12993-3 0  9992
2 43013  98.7205 225.4350 0001492  96.4082 263.7264 14.19578330306099
1 43013U 17073A   23289.35548117  .00000225  00000-0  12748-3 0  9991
2 43013  98.7206 225.9209 0001500  95.8109 264.3238 14.19578590306165
1 43013U 17073A   23289.49644740  .00000222  00000-0  12587-3 0  9993
2 43013  98.7206 226.0598 0001494  95.8279 264.3068 14.19578632306188
1 43013U 17073A   23289.56693053  .00000224  00000-0  12682-3 0  9990
2 43013  98.7206 226.1292 0001493  95.6001 264.5345 14.19578672306195
1 43013U 17073A   23289.77837987  .00000223  00000-0  12656-3 0  9999
2 43013  98.7206 226.3374 0001492  95.5051 264.6296 14.19578799306221
1 43013U 17073A   23289.84886300  .00000215  00000-0  12282-3 0  9996
2 43013  98.7206 226.4069 0001494  95.4404 264.6943 14.19578811306231
1 43013U 17073A   23290.06031234  .00000214  00000-0  12208-3 0  9997
2 43013  98.7207 226.6151 0001502  95.2574 264.8774 14.19578914306263
1 43013U 17073A   23290.48321105  .00000203  00000-0  11691-3 0  9995
2 43013  98.7207 227.0317 0001504  95.0584 265.0764 14.19579073306329
1 43013U 17073A   23290.55369415  .00000207  00000-0  11871-3 0  9993
2 43013  98.7207 227.1011 0001504  94.9994 265.1354 14.19579113306336
1 43013U 17073A   23291.11755898  .00000194  00000-0  11274-3 0  9992
2 43013  98.7208 227.6564 0001512  94.7591 265.3757 14.19579329306412
1 43013U 17073A   23291.46997437  .00000207  00000-0  11905-3 0  9993
2 43013  98.7209 228.0036 0001509  94.4933 265.6415 14.19579578306460
1 43013U 17073A   23291.75190668  .00000209  00000-0  11960-3 0  9999
2 43013  98.7210 228.2812 0001512  94.2482 265.8867 14.19579731306506
1 43013U 17073A   23291.89287280  .00000220  00000-0  12476-3 0  9997
2 43013  98.7210 228.4200 0001518  94.1513 265.9837 14.19579865306527
1 43013U 17073A   23292.17480510  .00000227  00000-0  12853-3 0  9996
2 43013  98.7211 228.6977 0001526  93.8770 266.2580 14.19580031306561
1 43013U 17073A   23292.45673733  .00000234  00000-0  13175-3 0  9994
2 43013  98.7211 228.9754 0001529  93.6761 266.4590 14.19580191306603
1 43013U 17073A   23292.52722035  .00000248  00000-0  13814-3 0  9997
2 43013  98.7211 229.0449 0001526  93.6227 266.5124 14.19580276306619
1 43013U 17073A   23292.80915256  .00000252  00000-0  14021-3 0  9993
2 43013  98.7212 229.3225 0001532  93.3458 266.7894 14.19580445306653
1 43013U 17073A   23292.87963564  .00000238  00000-0  13371-3 0  9996
2 43013  98.7212 229.3919 0001538  93.2771 266.8581 14.19580412306665
1 43013U 17073A   23293.16156790  .00000221  00000-0  12522-3 0  9993
2 43013  98.7213 229.6696 0001545  93.2488 266.8865 14.19580406306707
1 43013U 17073A   23293.51398307  .00000210  00000-0  12015-3 0  9999
2 43013  98.7213 230.0167 0001539  92.8188 267.3165 14.19580519306750
1 43013U 17073A   23293.51398307  .00000210  00000-0  12015-3 0  9999
2 43013  98.7213 230.0167 0001539  92.8188 267.3165 14.19580519306750
1 43013U 17073A   23293.79591517  .00000211  00000-0  12095-3 0  9996
2 43013  98.7214 230.2944 0001535  92.5958 267.5394 14.19580670306792
1 43013U 17073A   23293.86639821  .00000203  00000-0  11704-3 0  9992
2 43013  98.7214 230.3639 0001536  92.6101 267.5251 14.19580663306802
1 43013U 17073A   23294.07784728  .00000201  00000-0  11605-3 0  9991
2 43013  98.7215 230.5721 0001544  92.5002 267.6351 14.19580746306832
1 43013U 17073A   23294.50074535  .00000199  00000-0  11493-3 0  9998
2 43013  98.7215 230.9886 0001550  92.1033 268.0321 14.19580912306898
1 43013U 17073A   23294.57122835  .00000198  00000-0  11452-3 0  9996
2 43013  98.7215 231.0581 0001550  92.1344 268.0010 14.19580939306903
1 43013U 17073A   23294.85316036  .00000193  00000-0  11240-3 0  9995
2 43013  98.7216 231.3358 0001556  91.8491 268.2864 14.19581061306944
1 43013U 17073A   23294.92364337  .00000187  00000-0  10948-3 0  9997
2 43013  98.7216 231.4052 0001558  91.8436 268.2919 14.19581072306951
1 43013U 17073A   23295.13509238  .00000189  00000-0  11011-3 0  9996
2 43013  98.7217 231.6135 0001560  91.5674 268.5681 14.19581165306985
1 43013U 17073A   23295.48750725  .00000172  00000-0  10212-3 0  9997
2 43013  98.7218 231.9606 0001544  91.2632 268.8721 14.19581261307037
1 43013U 17073A   23295.55799023  .00000171  00000-0  10182-3 0  9994
2 43013  98.7218 232.0300 0001542  91.1859 268.9494 14.19581291307040
1 43013U 17073A   23295.83992212  .00000183  00000-0  10747-3 0  9990
2 43013  98.7218 232.3077 0001548  91.0043 269.1311 14.19581536307081
1 43013U 17073A   23295.91040512  .00000176  00000-0  10428-3 0  9994
2 43013  98.7218 232.3772 0001551  90.9943 269.1410 14.19581542307092
1 43013U 17073A   23296.12185403  .00000171  00000-0  10176-3 0  9992
2 43013  98.7219 232.5854 0001554  90.7756 269.3598 14.19581624307123
1 43013U 17073A   23296.47426894  .00000139  00000-0  86490-4 0  9999
2 43013  98.7220 232.9326 0001556  90.4752 269.6602 14.19581628307176
1 43013U 17073A   23296.82668375  .00000143  00000-0  88254-4 0  9995
2 43013  98.7220 233.2797 0001558  90.2652 269.8703 14.19581816307220
1 43013U 17073A   23296.89716670  .00000143  00000-0  88701-4 0  9991
2 43013  98.7220 233.3491 0001559  90.2271 269.9084 14.19581851307233
1 43013U 17073A   23297.10861560  .00000136  00000-0  85058-4 0  9999
2 43013  98.7221 233.5574 0001560  89.9993 270.1361 14.19581888307261
1 43013U 17073A   23297.53151331  .00000138  00000-0  85892-4 0  9992
2 43013  98.7222 233.9740 0001563  89.5724 270.5632 14.19582051307327
1 43013U 17073A   23297.53151331  .00000138  00000-0  85892-4 0  9992
2 43013  98.7222 233.9740 0001563  89.5724 270.5632 14.19582051307327
1 43013U 17073A   23297.60199625  .00000138  00000-0  86138-4 0  9992
2 43013  98.7222 234.0434 0001564  89.4779 270.6577 14.19582082307333
1 43013U 17073A   23298.87069557  .00000139  00000-0  86659-4 0  9991
2 43013  98.7227 235.2926 0001544  97.7985 262.3367 14.19530535307517
1 43013U 17073A   23298.87069557  .00000139  00000-0  86659-4 0  9991
2 43013  98.7227 235.2926 0001544  97.7985 262.3367 14.19530535307517
1 43013U 17073A   23299.15263816 -.00000701  00000-0 -31174-3 0  9995
2 43013  98.7224 235.5707 0001536  97.3745 262.7605 14.19527345307553
1 43013U 17073A   23299.50506632  .00000035  00000-0  37527-4 0  9997
2 43013  98.7232 235.9182 0001469  97.4241 262.7102 14.19528063307606
1 43013U 17073A   23299.57555193  .00000177  00000-0  10489-3 0  9994
2 43013  98.7225 235.9874 0001517  97.1257 263.0092 14.19528263307619
1 43013U 17073A   23299.85749446 -.00000007  00000-0  17409-4 0  9994
2 43013  98.7226 236.2651 0001519  96.8864 263.2485 14.19528102307653
1 43013U 17073A   23300.13943697  .00000027  00000-0  33353-4 0  9999
2 43013  98.7226 236.5429 0001548  96.7468 263.3884 14.19528239307699
1 43013U 17073A   23300.49186493  .00000104  00000-0  69849-4 0  9996
2 43013  98.7227 236.8901 0001538  96.4180 263.7171 14.19528471307742
1 43013U 17073A   23300.56235056  .00000098  00000-0  67257-4 0  9997
2 43013  98.7227 236.9595 0001541  96.3154 263.8198 14.19528476307752
1 43013U 17073A   23300.84429297  .00000093  00000-0  64881-4 0  9995
2 43013  98.7227 237.2372 0001542  96.2008 263.9343 14.19528572307791
1 43013U 17073A   23300.84429297  .00000093  00000-0  64881-4 0  9995
2 43013  98.7227 237.2372 0001542  96.2008 263.9343 14.19528572307791
1 43013U 17073A   23301.05574974  .00000110  00000-0  72850-4 0  9997
2 43013  98.7228 237.4455 0001545  96.0950 264.0402 14.19528684307829
1 43013U 17073A   23301.54914885  .00000136  00000-0  85314-4 0  9997
2 43013  98.7229 237.9315 0001549  95.8031 264.3321 14.19528971307890
1 43013U 17073A   23301.83109116  .00000136  00000-0  85316-4 0  9994
2 43013  98.7229 238.2093 0001544  95.5765 264.5587 14.19529108307937
1 43013U 17073A   23301.90157676  .00000133  00000-0  83904-4 0  9994
2 43013  98.7229 238.2787 0001548  95.4879 264.6474 14.19529119307945
1 43013U 17073A   23302.11303347  .00000141  00000-0  87440-4 0  9994
2 43013  98.7230 238.4870 0001551  95.3832 264.7521 14.19529223307977
1 43013U 17073A   23302.53594688  .00000163  00000-0  98063-4 0  9997
2 43013  98.7231 238.9036 0001558  94.9890 265.1464 14.19529484308031
1 43013U 17073A   23302.53594688  .00000163  00000-0  98063-4 0  9997
2 43013  98.7231 238.9036 0001558  94.9890 265.1464 14.19529484308031
1 43013U 17073A   23302.81788911  .00000171  00000-0  10170-3 0  9993
2 43013  98.7231 239.1813 0001563  94.6237 265.5118 14.19529642308075
1 43013U 17073A   23302.88837469  .00000177  00000-0  10483-3 0  9996
2 43013  98.7231 239.2507 0001571  94.6906 265.4450 14.19529691308081
1 43013U 17073A   23303.09983136  .00000185  00000-0  10856-3 0  9996
2 43013  98.7232 239.4590 0001575  94.5602 265.5754 14.19529794308118
1 43013U 17073A   23303.45225905  .00000201  00000-0  11609-3 0  9995
2 43013  98.7233 239.8062 0001577  94.1772 265.9585 14.19530013308160
1 43013U 17073A   23303.80468673  .00000202  00000-0  11672-3 0  9996
2 43013  98.7233 240.1534 0001573  93.8877 266.2479 14.19530153308214
1 43013U 17073A   23303.87517226  .00000206  00000-0  11868-3 0  9993
2 43013  98.7234 240.2228 0001578  93.9114 266.2243 14.19530211308221
1 43013U 17073A   23304.15711447  .00000191  00000-0  11144-3 0  9996
2 43013  98.7234 240.5005 0001586  93.4583 266.6774 14.19530229308267
1 43013U 17073A   23304.50954206  .00000191  00000-0  11128-3 0  9999
2 43013  98.7235 240.8477 0001579  93.0968 267.0388 14.19530373308311
1 43013U 17073A   23304.58002759  .00000188  00000-0  11003-3 0  9992
2 43013  98.7235 240.9172 0001577  93.1572 266.9784 14.19530385308326
1 43013U 17073A   23304.79148414  .00000183  00000-0  10777-3 0  9996
2 43013  98.7235 241.1255 0001577  92.9515 267.1841 14.19530469308358
1 43013U 17073A   23304.86196966  .00000181  00000-0  10675-3 0  9994
2 43013  98.7235 241.1949 0001578  92.8374 267.2983 14.19530487308360
1 43013U 17073A   23305.14391168  .00000182  00000-0  10712-3 0  9990
2 43013  98.7236 241.4726 0001580  92.6381 267.4975 14.19530611308403
1 43013U 17073A   23305.49633916  .00000153  00000-0  93181-4 0  9998
2 43013  98.7237 241.8198 0001573  92.3148 267.8208 14.19530650308452
1 43013U 17073A   23305.56682466  .00000149  00000-0  91605-4 0  9994
2 43013  98.7237 241.8892 0001573  92.3066 267.8290 14.19530664308469
1 43013U 17073A   23305.84876660  .00000148  00000-0  90937-4 0  9992
2 43013  98.7238 242.1670 0001570  92.0323 268.1033 14.19530802308506
1 43013U 17073A   23305.91925209  .00000149  00000-0  91520-4 0  9994
2 43013  98.7238 242.2364 0001571  91.9818 268.1538 14.19530833308510
1 43013U 17073A   23306.13070851  .00000164  00000-0  98576-4 0  9998
2 43013  98.7239 242.4447 0001577  91.8903 268.2454 14.19530998308548
1 43013U 17073A   23306.48313583  .00000166  00000-0  99692-4 0  9990
2 43013  98.7239 242.7919 0001572  91.6471 268.4885 14.19531168308593
1 43013U 17073A   23306.55362131  .00000165  00000-0  99101-4 0  9995
2 43013  98.7239 242.8614 0001571  91.6200 268.5156 14.19531191308605
1 43013U 17073A   23306.83556319  .00000168  00000-0  10047-3 0  9993
2 43013  98.7240 243.1391 0001575  91.3644 268.7712 14.19531327308641
1 43013U 17073A   23306.90604865  .00000168  00000-0  10054-3 0  9999
2 43013  98.7240 243.2085 0001576  91.3281 268.8076 14.19531356308657
1 43013U 17073A   23307.18799049  .00000179  00000-0  10566-3 0  9999
2 43013  98.7241 243.4863 0001579  91.0692 269.0665 14.19531554308691
1 43013U 17073A   23307.39944683  .00000176  00000-0  10436-3 0  9991
2 43013  98.7241 243.6946 0001577  90.8790 269.2567 14.19531652308725
1 43013U 17073A   23307.54041771  .00000183  00000-0  10732-3 0  9991
2 43013  98.7241 243.8335 0001576  90.7602 269.3755 14.19531757308747
1 43013U 17073A   23307.82235951  .00000178  00000-0  10528-3 0  9994
2 43013  98.7242 244.1113 0001581  90.6192 269.5166 14.19531872308785
1 43013U 17073A   23307.89284495  .00000176  00000-0  10410-3 0  9996
2 43013  98.7242 244.1807 0001584  90.5813 269.5544 14.19531895308793
1 43013U 17073A   23308.10430127  .00000176  00000-0  10428-3 0  9995
2 43013  98.7243 244.3890 0001586  90.2858 269.8500 14.19531985308825
1 43013U 17073A   23308.45672841  .00000190  00000-0  11092-3 0  9998
2 43013  98.7243 244.7362 0001584  89.9964 270.1394 14.19532218308875
1 43013U 17073A   23308.59769923  .00000194  00000-0  11275-3 0  9998
2 43013  98.7244 244.8751 0001579  89.9324 270.2033 14.19532293308899
1 43013U 17073A   23308.80915545  .00000199  00000-0  11536-3 0  9990
2 43013  98.7244 245.0834 0001581  89.6905 270.4452 14.19532456308921
1 43013U 17073A   23308.87964089  .00000194  00000-0  11285-3 0  9990
2 43013  98.7244 245.1529 0001582  89.6401 270.4956 14.19532458308937
1 43013U 17073A   23309.16158250  .00000224  00000-0  12698-3 0  9991
2 43013  98.7245 245.4306 0001587  89.4817 270.6541 14.19532746308974
1 43013U 17073A   23309.44352407  .00000229  00000-0  12948-3 0  9995
2 43013  98.7245 245.7084 0001588  89.1303 271.0055 14.19532904309015
1 43013U 17073A   23309.58449487  .00000219  00000-0  12481-3 0  9996
2 43013  98.7245 245.8473 0001583  89.2098 270.9260 14.19532888309034
1 43013U 17073A   23309.79595105  .00000215  00000-0  12253-3 0  9991
2 43013  98.7245 246.0556 0001582  88.9984 271.1373 14.19532979309060
1 43013U 17073A   23309.86643605  .00000308  00000-0  16683-3 0  9992
2 43013  98.7245 246.1250 0001584  88.9332 271.2026 14.19533635309078