1 43689U 18087A   23208.10221900  .00000150  00000-0  88436-4 0  9993
2 43689  98.6807 266.9620 0001842 329.1626  30.9443 14.21511276244794
1 43689U 18087A   23208.38376863  .00000151  00000-0  88751-4 0  9993
2 43689  98.6807 267.2389 0001826 328.0345  32.0721 14.21511378244838
1 43689U 18087A   23208.59493082  .00000142  00000-0  84950-4 0  9996
2 43689  98.6807 267.4466 0001817 327.0709  33.0355 14.21511431244866
1 43689U 18087A   23208.73570561  .00000140  00000-0  83874-4 0  9992
2 43689  98.6807 267.5851 0001811 326.4540  33.6523 14.21511474244887
1 43689U 18087A   23208.87648038  .00000140  00000-0  83826-4 0  9999
2 43689  98.6807 267.7235 0001804 325.8596  34.2465 14.21511519244906
1 43689U 18087A   23209.08764255  .00000135  00000-0  81743-4 0  9993
2 43689  98.6806 267.9312 0001795 324.9310  35.1749 14.21511597244930
1 43689U 18087A   23209.43957952  .00000126  00000-0  77312-4 0  9997
2 43689  98.6807 268.2773 0001776 323.5312  36.5744 14.21511670244989
1 43689U 18087A   23209.50996691  .00000127  00000-0  78087-4 0  9999
2 43689  98.6807 268.3466 0001773 323.2565  36.8491 14.21511707244997
1 43689U 18087A   23209.72112904  .00000127  00000-0  77731-4 0  9995
2 43689  98.6806 268.5542 0001764 322.3902  37.7151 14.21511786245023
1 43689U 18087A   23210.14345326  .00000123  00000-0  75975-4 0  9993
2 43689  98.6806 268.9696 0001749 320.5140  39.5910 14.21511943245088
1 43689U 18087A   23210.35461531  .00000134  00000-0  81328-4 0  9994
2 43689  98.6806 269.1773 0001736 319.5564  40.5485 14.21512081245118
1 43689U 18087A   23210.77693952  .00000134  00000-0  81124-4 0  9998
2 43689  98.6806 269.5926 0001723 317.7044  42.4000 14.21512223245179
1 43689U 18087A   23211.12887622  .00000148  00000-0  87408-4 0  9993
2 43689  98.6805 269.9388 0001712 316.0847  44.0194 14.21512426245228
1 43689U 18087A   23211.41042567  .00000145  00000-0  86087-4 0  9995
2 43689  98.6806 270.2157 0001697 314.9947  45.1093 14.21512481245263
1 43689U 18087A   23211.76236236  .00000153  00000-0  89669-4 0  9999
2 43689  98.6805 270.5618 0001685 313.4335  46.6702 14.21512654245310
1 43689U 18087A   23212.11429899  .00000160  00000-0  92951-4 0  9994
2 43689  98.6805 270.9079 0001674 311.8165  48.2869 14.21512839245368
1 43689U 18087A   23212.39584828  .00000166  00000-0  95618-4 0  9997
2 43689  98.6805 271.1848 0001661 310.6406  49.4627 14.21512988245401
1 43689U 18087A   23212.74778494  .00000169  00000-0  97319-4 0  9993
2 43689  98.6805 271.5310 0001649 309.0267  51.0763 14.21513143245451
1 43689U 18087A   23213.09972148  .00000166  00000-0  95758-4 0  9996
2 43689  98.6804 271.8771 0001640 307.1565  52.9463 14.21513281245501
1 43689U 18087A   23213.45165807  .00000157  00000-0  91746-4 0  9995
2 43689  98.6804 272.2232 0001625 305.5734  54.5292 14.21513365245557
1 43689U 18087A   23213.73320725  .00000156  00000-0  91165-4 0  9992
2 43689  98.6804 272.5001 0001619 304.1730  55.9294 14.21513521245593
1 43689U 18087A   23214.15553096  .00000165  00000-0  95371-4 0  9991
2 43689  98.6804 272.9154 0001611 302.0544  58.0477 14.21513735245659
1 43689U 18087A   23214.43708016  .00000161  00000-0  93391-4 0  9992
2 43689  98.6804 273.1923 0001601 300.7092  59.3928 14.21513801245691
1 43689U 18087A   23214.57785471  .00000166  00000-0  95815-4 0  9995
2 43689  98.6804 273.3308 0001598 300.0171  60.0848 14.21513899245716
1 43689U 18087A   23215.14096528  .00000178  00000-0  10131-3 0  9997
2 43689  98.6802 273.8844 0001468 298.9987  61.1043 14.21488827245799
1 43689U 18087A   23215.42251942  .00000186  00000-0  10488-3 0  9995
2 43689  98.6803 274.1613 0001467 297.4213  62.6815 14.21488955245833
1 43689U 18087A   23215.70407346  .00000186  00000-0  10505-3 0  9997
2 43689  98.6803 274.4382 0001463 295.9281  64.1746 14.21489067245872
1 43689U 18087A   23216.12640439  .00000245  00000-0  13195-3 0  9990
2 43689  98.6802 274.8535 0001464 293.6554  66.4470 14.21489411245933
1 43689U 18087A   23216.40795847  .00000185  00000-0  10458-3 0  9997
2 43689  98.6802 275.1304 0001449 292.3009  67.8015 14.21489325245973
1 43689U 18087A   23216.75990089  .00000159  00000-0  92456-4 0  9990
2 43689  98.6801 275.4765 0001454 290.2445  69.8576 14.21489469246023
1 43689U 18087A   23217.11184328  .00000179  00000-0  10156-3 0  9990
2 43689  98.6801 275.8226 0001445 288.5184  71.5836 14.21489690246079
1 43689U 18087A   23217.46378563  .00000180  00000-0  10209-3 0  9995
2 43689  98.6801 276.1687 0001435 286.7361  73.3659 14.21489871246120
1 43689U 18087A   23217.74533951  .00000193  00000-0  10812-3 0  9994
2 43689  98.6800 276.4455 0001431 285.3326  74.7693 14.21490068246164
1 43689U 18087A   23218.16767019  .00000185  00000-0  10432-3 0  9994
2 43689  98.6799 276.8608 0001427 283.1031  76.9987 14.21490283246225
1 43689U 18087A   23218.44922414  .00000163  00000-0  94318-4 0  9999
2 43689  98.6799 277.1377 0001422 281.6186  78.4832 14.21490246246260
1 43689U 18087A   23218.73077788  .00000168  00000-0  96481-4 0  9994
2 43689  98.6799 277.4146 0001419 280.0925  80.0092 14.21490431246305
1 43689U 18087A   23219.15310859  .00000159  00000-0  92445-4 0  9996
2 43689  98.6798 277.8299 0001420 277.8713  82.2303 14.21490545246369
1 43689U 18087A   23219.43466229  .00000162  00000-0  93837-4 0  9990
2 43689  98.6798 278.1068 0001423 276.2608  83.8407 14.21490683246406
1 43689U 18087A   23219.78660438  .00000168  00000-0  96907-4 0  9993
2 43689  98.6797 278.4529 0001426 274.3916  85.7099 14.21490897246454
1 43689U 18087A   23220.06815805  .00000158  00000-0  91970-4 0  9990
2 43689  98.6797 278.7297 0001431 272.9331  87.1683 14.21490988246490
1 43689U 18087A   23220.42010009  .00000177  00000-0  10076-3 0  9991
2 43689  98.6797 279.0758 0001433 271.0858  89.0155 14.21491246246541
1 43689U 18087A   23220.70165375  .00000167  00000-0  96051-4 0  9996
2 43689  98.6796 279.3527 0001435 269.6522  90.4491 14.21491297246589
1 43689U 18087A   23220.77204216  .00000164  00000-0  94746-4 0  9997
2 43689  98.6796 279.4219 0001435 269.3558  90.7455 14.21491313246597
1 43689U 18087A   23221.68711295  .00000138  00000-0  83153-4 0  9999
2 43689  98.6796 280.3220 0001618 264.9692  95.1301 14.21455286246726
1 43689U 18087A   23222.10945400  .00000120  00000-0  74614-4 0  9997
2 43689  98.6795 280.7372 0001625 262.9103  97.1890 14.21455454246788
1 43689U 18087A   23222.46140489  .00000156  00000-0  91245-4 0  9998
2 43689  98.6796 281.0833 0001619 261.1195  98.9799 14.21455593246837
1 43689U 18087A   23222.81335577  .00000148  00000-0  87551-4 0  9997
2 43689  98.6795 281.4294 0001624 259.4065 100.6930 14.21455694246888
1 43689U 18087A   23223.09491639  .00000125  00000-0  77013-4 0  9997
2 43689  98.6795 281.7062 0001641 258.0372 102.0622 14.21455792246927
1 43689U 18087A   23223.37647708  .00000115  00000-0  72457-4 0  9994
2 43689  98.6795 281.9831 0001644 256.5614 103.5380 14.21455836246968
1 43689U 18087A   23223.72842787  .00000120  00000-0  74657-4 0  9997
2 43689  98.6795 282.3291 0001650 254.9222 105.1773 14.21456007247019
1 43689U 18087A   23224.08037862  .00000120  00000-0  74893-4 0  9999
2 43689  98.6795 282.6752 0001658 253.2797 106.8198 14.21456130247062
1 43689U 18087A   23224.36193921  .00000126  00000-0  77641-4 0  9999
2 43689  98.6795 282.9520 0001665 251.7949 108.3047 14.21456249247104
1 43689U 18087A   23224.78428003  .00000137  00000-0  82630-4 0  9993
2 43689  98.6794 283.3673 0001675 249.9431 110.1566 14.21456449247168
1 43689U 18087A   23225.13623068  .00000142  00000-0  84974-4 0  9990
2 43689  98.6794 283.7134 0001687 248.3876 111.7122 14.21456593247214
1 43689U 18087A   23225.41779116  .00000148  00000-0  87835-4 0  9992
2 43689  98.6794 283.9902 0001695 247.0264 113.0735 14.21456703247257
1 43689U 18087A   23225.76974179  .00000140  00000-0  83778-4 0  9990
2 43689  98.6794 284.3362 0001714 245.4346 114.6653 14.21456782247306
1 43689U 18087A   23226.12169235  .00000139  00000-0  83669-4 0  9997
2 43689  98.6793 284.6823 0001735 243.9561 116.1438 14.21456914247355
1 43689U 18087A   23226.47364294  .00000135  00000-0  81813-4 0  9992
2 43689  98.6793 285.0283 0001742 242.2790 117.8211 14.21457015247400
1 43689U 18087A   23226.75520338  .00000144  00000-0  85800-4 0  9996
2 43689  98.6793 285.3051 0001748 241.0420 119.0582 14.21457142247449
1 43689U 18087A   23227.10715385  .00000150  00000-0  88376-4 0  9992
2 43689  98.6792 285.6512 0001764 239.4910 120.6093 14.21457305247497
1 43689U 18087A   23227.38871426  .00000153  00000-0  89967-4 0  9991
2 43689  98.6792 285.9280 0001772 238.1237 121.9768 14.21457425247530
1 43689U 18087A   23227.59988454  .00000155  00000-0  90679-4 0  9998
2 43689  98.6792 286.1356 0001779 237.1572 122.9435 14.21457508247562
1 43689U 18087A   23228.09259835  .00000158  00000-0  92243-4 0  9990
2 43689  98.6791 286.6203 0001567 234.9793 125.1237 14.21504980247632
1 43689U 18087A   23228.44453704  .00000157  00000-0  91619-4 0  9995
2 43689  98.6791 286.9663 0001585 233.6299 126.4732 14.21505081247684
1 43689U 18087A   23228.79647562  .00000184  00000-0  10408-3 0  9996
2 43689  98.6791 287.3124 0001601 232.0770 128.0263 14.21505306247730
1 43689U 18087A   23229.07802646  .00000225  00000-0  12290-3 0  9991
2 43689  98.6790 287.5892 0001613 230.7523 129.3511 14.21505527247776
1 43689U 18087A   23229.42996510  .00000169  00000-0  97193-4 0  9997
2 43689  98.6790 287.9352 0001621 229.0000 131.1037 14.21505546247822
1 43689U 18087A   23229.78190363  .00000157  00000-0  91596-4 0  9996
2 43689  98.6789 288.2813 0001642 227.5995 132.5044 14.21505664247874
1 43689U 18087A   23230.13384211  .00000164  00000-0  94792-4 0  9993
2 43689  98.6788 288.6273 0001659 226.0974 134.0066 14.21505827247924
1 43689U 18087A   23230.41539292  .00000161  00000-0  93633-4 0  9995
2 43689  98.6788 288.9042 0001672 224.8784 135.2259 14.21505897247969
1 43689U 18087A   23230.69694363  .00000159  00000-0  92602-4 0  9998
2 43689  98.6788 289.1810 0001686 223.7014 136.4030 14.21506031248001
1 43689U 18087A   23231.04888204  .00000151  00000-0  89077-4 0  9991
2 43689  98.6787 289.5270 0001707 222.3965 137.7081 14.21506121248053
1 43689U 18087A   23231.40082042  .00000155  00000-0  90836-4 0  9996
2 43689  98.6787 289.8731 0001726 220.9578 139.1470 14.21506285248108
1 43689U 18087A   23231.82314644  .00000154  00000-0  90436-4 0  9993
2 43689  98.6786 290.2883 0001750 219.2364 140.8687 14.21506451248162
1 43689U 18087A   23232.17508473  .00000161  00000-0  93352-4 0  9995
2 43689  98.6785 290.6343 0001770 217.9011 142.2042 14.21506637248215
1 43689U 18087A   23232.45663537  .00000154  00000-0  90247-4 0  9991
2 43689  98.6785 290.9111 0001782 216.6355 143.4701 14.21506726248259
1 43689U 18087A   23232.73818597  .00000141  00000-0  84478-4 0  9995
2 43689  98.6784 291.1880 0001799 215.6917 144.4140 14.21506797248295
1 43689U 18087A   23233.16051185  .00000146  00000-0  86820-4 0  9993
2 43689  98.6783 291.6032 0001819 214.1105 145.9956 14.21506994248351
1 43689U 18087A   23233.44206239  .00000148  00000-0  87455-4 0  9993
2 43689  98.6783 291.8800 0001832 213.0142 147.0921 14.21507110248390
1 43689U 18087A   23233.79400052  .00000143  00000-0  85467-4 0  9996
2 43689  98.6782 292.2260 0001850 211.8142 148.2924 14.21507251248448
1 43689U 18087A   23234.14593863  .00000146  00000-0  86429-4 0  9991
2 43689  98.6782 292.5721 0001869 210.5818 149.5251 14.21507409248496
1 43689U 18087A   23234.42748914  .00000148  00000-0  87735-4 0  9994
2 43689  98.6782 292.8489 0001885 209.5137 150.5934 14.21507509248536
1 43689U 18087A   23234.70903957  .00000148  00000-0  87586-4 0  9999
2 43689  98.6781 293.1257 0001901 208.5888 151.5185 14.21507643248575
1 43689U 18087A   23235.13136521  .00000144  00000-0  85797-4 0  9990
2 43689  98.6780 293.5409 0001928 207.0794 153.0283 14.21507772248632
1 43689U 18087A   23235.48330325  .00000137  00000-0  82475-4 0  9998
2 43689  98.6780 293.8869 0001947 205.7506 154.3574 14.21507860248682
1 43689U 18087A   23236.75027986  .00000131  00000-0  79827-4 0  9996
2 43689  98.6779 295.1325 0002029 201.4604 158.6489 14.21508300248868
1 43689U 18087A   23236.89105497  .00000141  00000-0  84170-4 0  9993
2 43689  98.6779 295.2709 0002044 200.9528 159.1566 14.21508385248888
1 43689U 18087A   23237.10221769  .00000141  00000-0  84343-4 0  9991
2 43689  98.6778 295.4785 0002055 200.3594 159.7502 14.21508479248916
1 43689U 18087A   23237.45415560  .00000128  00000-0  78169-4 0  9997
2 43689  98.6778 295.8245 0002068 199.1146 160.9954 14.21508545248967
1 43689U 18087A   23237.59493077  .00000129  00000-0  79021-4 0  9990
2 43689  98.6778 295.9629 0002073 198.6692 161.4410 14.21508602248989
1 43689U 18087A   23237.73570590  .00000124  00000-0  76631-4 0  9991
2 43689  98.6778 296.1013 0002085 198.2667 161.8436 14.21508630249007
1 43689U 18087A   23237.87648101  .00000139  00000-0  83248-4 0  9998
2 43689  98.6778 296.2397 0002091 197.7582 162.3523 14.21508729249024
1 43689U 18087A   23238.08764369  .00000136  00000-0  82225-4 0  9998
2 43689  98.6777 296.4473 0002105 197.1513 162.9593 14.21508808249058
1 43689U 18087A   23238.43958152  .00000125  00000-0  77111-4 0  9998
2 43689  98.6777 296.7933 0002121 195.8868 164.2243 14.21508893249105
1 43689U 18087A   23238.58035663  .00000125  00000-0  76780-4 0  9998
2 43689  98.6777 296.9317 0002130 195.4439 164.6674 14.21508953249124
1 43689U 18087A   23238.72113173  .00000123  00000-0  76235-4 0  9990
2 43689  98.6777 297.0701 0002137 194.9853 165.1261 14.21508992249147
1 43689U 18087A   23238.93229438  .00000124  00000-0  76437-4 0  9990
2 43689  98.6777 297.2777 0002150 194.3238 165.7879 14.21509044249171
1 43689U 18087A   23239.14345701  .00000122  00000-0  75766-4 0  9998
2 43689  98.6776 297.4853 0002161 193.6983 166.4136 14.21509125249206
1 43689U 18087A   23239.42500718  .00000138  00000-0  83079-4 0  9993
2 43689  98.6776 297.7621 0002175 192.8014 167.3108 14.21509269249245
1 43689U 18087A   23239.49539472  .00000133  00000-0  80593-4 0  9992
2 43689  98.6776 297.8313 0002180 192.6153 167.4970 14.21509265249257
1 43689U 18087A   23239.70655734  .00000117  00000-0  73533-4 0  9994
2 43689  98.6776 298.0389 0002192 192.1324 167.9801 14.21509287249286
1 43689U 18087A   23239.91771994  .00000124  00000-0  76504-4 0  9993
2 43689  98.6775 298.2464 0002205 191.3977 168.7151 14.21509345249317
1 43689U 18087A   23240.12888253  .00000128  00000-0  78268-4 0  9998
2 43689  98.6775 298.4540 0002217 190.8300 169.2830 14.21509436249345
1 43689U 18087A   23240.41043265  .00000130  00000-0  79177-4 0  9999
2 43689  98.6775 298.7308 0002235 189.9444 170.1689 14.21509516249384
1 43689U 18087A   23240.69198273  .00000128  00000-0  78214-4 0  9997
2 43689  98.6775 299.0076 0002250 189.1142 170.9995 14.21509607249428
1 43689U 18087A   23240.83275773  .00000131  00000-0  79858-4 0  9993
2 43689  98.6774 299.1460 0002264 188.7260 171.3878 14.21509652249443
1 43689U 18087A   23241.04392028  .00000130  00000-0  79410-4 0  9993
2 43689  98.6774 299.3536 0002278 188.1359 171.9782 14.21509728249474
1 43689U 18087A   23241.39585787  .00000132  00000-0  80313-4 0  9993
2 43689  98.6774 299.6995 0002297 187.0334 173.0811 14.21509843249528
1 43689U 18087A   23241.67740791  .00000133  00000-0  80528-4 0  9991
2 43689  98.6774 299.9763 0002313 186.3304 173.7844 14.21509956249564
1 43689U 18087A   23241.81818290  .00000135  00000-0  81345-4 0  9997
2 43689  98.6773 300.1147 0002323 186.0227 174.0923 14.21509998249586
1 43689U 18087A   23242.09973288  .00000136  00000-0  81875-4 0  9996
2 43689  98.6773 300.3915 0002341 185.3074 174.8079 14.21510114249620
1 43689U 18087A   23242.38128288  .00000133  00000-0  80604-4 0  9996
2 43689  98.6773 300.6683 0002354 184.4655 175.6502 14.21510199249661
1 43689U 18087A   23242.73322034  .00000132  00000-0  80235-4 0  9999
2 43689  98.6772 301.0142 0002377 183.3848 176.7314 14.21510330249718
1 43689U 18087A   23242.87399529  .00000131  00000-0  79886-4 0  9996
2 43689  98.6772 301.1526 0002385 182.9665 177.1498 14.21510376249736
1 43689U 18087A   23243.08515773  .00000133  00000-0  80844-4 0  9999
2 43689  98.6771 301.3602 0002397 182.3980 177.7187 14.21510469249766
1 43689U 18087A   23243.43709513  .00000143  00000-0  85031-4 0  9999
2 43689  98.6771 301.7061 0002415 181.4525 178.6645 14.21510616249814
1 43689U 18087A   23243.71864498  .00000142  00000-0  84624-4 0  9990
2 43689  98.6771 301.9829 0002431 180.7057 179.4117 14.21510738249850
1 43689U 18087A   23243.85941991  .00000144  00000-0  85845-4 0  9997
2 43689  98.6770 302.1213 0002443 180.2585 179.8592 14.21510769249870
1 43689U 18087A   23244.14096976  .00000142  00000-0  84952-4 0  9990
2 43689  98.6770 302.3980 0002456 179.5290 180.5890 14.21510877249916
1 43689U 18087A   23244.49290708  .00000148  00000-0  87659-4 0  9990
2 43689  98.6770 302.7440 0002476 178.5009 181.6176 14.21511038249964
1 43689U 18087A   23244.56329453  .00000148  00000-0  87531-4 0  9997
2 43689  98.6769 302.8132 0002480 178.3212 181.7974 14.21511070249974
1 43689U 18087A   23244.77445685  .00000152  00000-0  89495-4 0  9992
2 43689  98.6769 303.0208 0002492 177.7460 182.3729 14.21511152250004
1 43689U 18087A   23244.84484429  .00000150  00000-0  88516-4 0  9990
2 43689  98.6769 303.0900 0002495 177.5607 182.5583 14.21511170250018
1 43689U 18087A   23245.12639406  .00000150  00000-0  88323-4 0  9995
2 43689  98.6768 303.3667 0002514 176.8516 183.2677 14.21511278250058
1 43689U 18087A   23245.40794384  .00000153  00000-0  89838-4 0  9998
2 43689  98.6768 303.6435 0002530 176.0577 184.0621 14.21511388250095
1 43689U 18087A   23245.47833127  .00000148  00000-0  87433-4 0  9997
2 43689  98.6768 303.7127 0002534 175.9020 184.2178 14.21511389250101
1 43689U 18087A   23245.75988099  .00000146  00000-0  86737-4 0  9991
2 43689  98.6767 303.9894 0002549 175.1597 184.9606 14.21511493250143
1 43689U 18087A   23245.90065550  .00000206  00000-0  11384-3 0  9998
2 43689  98.6767 304.1278 0002559 174.7803 185.3401 14.21511946250161
1 43689U 18087A   23246.11181803  .00000150  00000-0  88559-4 0  9999
2 43689  98.6766 304.3354 0002571 174.2569 185.8638 14.21511666250194
1 43689U 18087A   23246.39336768  .00000181  00000-0  10247-3 0  9993
2 43689  98.6766 304.6122 0002590 173.4859 186.6353 14.21511934250230
1 43689U 18087A   23246.53414250  .00000171  00000-0  98076-4 0  9998
2 43689  98.6766 304.7505 0002600 173.1632 186.9581 14.21511944250253
1 43689U 18087A   23246.74530471  .00000170  00000-0  97522-4 0  9999
2 43689  98.6765 304.9581 0002612 172.6087 187.5130 14.21512032250288
1 43689U 18087A   23247.09724173  .00000156  00000-0  90974-4 0  9990
2 43689  98.6764 305.3040 0002635 171.7953 188.3268 14.21512103250335
1 43689U 18087A   23247.37879138  .00000157  00000-0  91805-4 0  9998
2 43689  98.6764 305.5808 0002655 171.0516 189.0710 14.21512215250377
1 43689U 18087A   23247.51956618  .00000142  00000-0  84760-4 0  9999
2 43689  98.6764 305.7191 0002662 170.6949 189.4278 14.21512189250392
1 43689U 18087A   23247.80111573  .00000140  00000-0  83759-4 0  9999
2 43689  98.6763 305.9959 0002678 170.0322 190.0909 14.21512292250430
1 43689U 18087A   23248.15305264  .00000140  00000-0  83938-4 0  9999
2 43689  98.6762 306.3418 0002700 169.2064 190.9172 14.21512442250486
1 43689U 18087A   23248.43460220  .00000131  00000-0  79868-4 0  9991
2 43689  98.6762 306.6185 0002711 168.5079 191.6160 14.21512507250522
1 43689U 18087A   23248.57537696  .00000122  00000-0  75653-4 0  9996
2 43689  98.6762 306.7569 0002720 168.1881 191.9361 14.21512528250547
1 43689U 18087A   23248.78653902  .00000128  00000-0  78164-4 0  9994
2 43689  98.6762 306.9645 0002731 167.7110 192.4134 14.21512644250572
1 43689U 18087A   23249.13847584  .00000127  00000-0  78088-4 0  9999
2 43689  98.6761 307.3104 0002753 166.9067 193.2182 14.21512779250629
1 43689U 18087A   23249.42002534  .00000139  00000-0  83534-4 0  9994
2 43689  98.6761 307.5871 0002770 166.1502 193.9752 14.21512923250662
1 43689U 18087A   23249.49041272  .00000136  00000-0  81937-4 0  9995
2 43689  98.6761 307.6563 0002773 165.9729 194.1526 14.21512925250677
1 43689U 18087A   23249.70157479  .00000130  00000-0  79165-4 0  9990
2 43689  98.6760 307.8639 0002786 165.4977 194.6281 14.21512986250700
1 43689U 18087A   23249.91273681  .00000147  00000-0  86819-4 0  9999
2 43689  98.6760 308.0714 0002799 164.9719 195.1542 14.21513126250735
1 43689U 18087A   23250.12389885  .00000146  00000-0  86786-4 0  9990
2 43689  98.6759 308.2790 0002808 164.4816 195.6448 14.21513218250768
1 43689U 18087A   23250.40544829  .00000137  00000-0  82560-4 0  9998
2 43689  98.6759 308.5557 0002824 163.7119 196.4150 14.21513263250802
1 43689U 18087A   23250.54622301  .00000128  00000-0  78326-4 0  9990
2 43689  98.6759 308.6941 0002832 163.3865 196.7406 14.21513257250825
1 43689U 18087A   23250.89815969  .00000138  00000-0  83079-4 0  9994
2 43689  98.6759 309.0400 0002851 162.5974 197.5302 14.21513425250879
1 43689U 18087A   23251.10932169  .00000139  00000-0  83199-4 0  9995
2 43689  98.6758 309.2475 0002862 162.1620 197.9658 14.21513515250900
1 43689U 18087A   23251.46125842  .00000127  00000-0  78054-4 0  9997
2 43689  98.6758 309.5935 0002880 161.2379 198.8905 14.21513565250950
1 43689U 18087A   23251.53164580  .00000122  00000-0  75557-4 0  9997
2 43689  98.6758 309.6626 0002885 161.0866 199.0419 14.21513553250963
1 43689U 18087A   23251.74280779  .00000116  00000-0  73055-4 0  9993
2 43689  98.6758 309.8702 0002895 160.6561 199.4727 14.21513604250994
1 43689U 18087A   23251.88358240  .00000136  00000-0  81854-4 0  9995
2 43689  98.6758 310.0086 0002902 160.3033 199.8257 14.21513736251015
1 43689U 18087A   23252.09474435  .00000140  00000-0  83651-4 0  9996
2 43689  98.6757 310.2161 0002913 159.8888 200.2405 14.21513839251042
1 43689U 18087A   23252.44668100  .00000122  00000-0  75826-4 0  9994
2 43689  98.6757 310.5620 0002926 158.9786 201.1512 14.21513864251098
1 43689U 18087A   23252.58745563  .00000129  00000-0  78685-4 0  9991
2 43689  98.6757 310.7004 0002931 158.7379 201.3920 14.21513963251116
1 43689U 18087A   23252.79861756  .00000129  00000-0  79007-4 0  9996
2 43689  98.6757 310.9079 0002942 158.2587 201.8715 14.21514027251140
1 43689U 18087A   23253.08016671  .00000151  00000-0  88979-4 0  9990
2 43689  98.6757 311.1846 0002960 157.5838 202.5469 14.21514241251182
1 43689U 18087A   23253.43210332  .00000143  00000-0  85244-4 0  9992
2 43689  98.6757 311.5305 0002971 156.6334 203.4979 14.21514288251232
1 43689U 18087A   23253.57287792  .00000143  00000-0  85126-4 0  9990
2 43689  98.6757 311.6689 0002978 156.3781 203.7534 14.21514345251254
1 43689U 18087A   23253.78403980  .00000145  00000-0  85940-4 0  9998
2 43689  98.6756 311.8764 0002988 155.8920 204.2398 14.21514415251284
1 43689U 18087A   23254.13597620  .00000163  00000-0  94243-4 0  9999
2 43689  98.6756 312.2223 0003009 155.1158 205.0165 14.21514623251338
1 43689U 18087A   23254.41752539  .00000157  00000-0  91478-4 0  9992
2 43689  98.6755 312.4990 0003022 154.3624 205.7704 14.21514669251374
1 43689U 18087A   23254.48791266  .00000160  00000-0  93049-4 0  9999
2 43689  98.6755 312.5682 0003025 154.2048 205.9281 14.21514716251381
1 43689U 18087A   23254.69907450  .00000151  00000-0  88909-4 0  9995
2 43689  98.6755 312.7757 0003033 153.7637 206.3695 14.21514758251417
1 43689U 18087A   23255.12139806  .00000174  00000-0  99542-4 0  9996
2 43689  98.6754 313.1907 0003053 152.9139 207.2198 14.21514995251475
1 43689U 18087A   23255.40294718  .00000168  00000-0  96718-4 0  9996
2 43689  98.6754 313.4675 0003067 152.2114 207.9227 14.21515059251518
1 43689U 18087A   23255.61410895  .00000163  00000-0  94436-4 0  9995
2 43689  98.6754 313.6750 0003078 151.7855 208.3490 14.21515133251545
1 43689U 18087A   23255.75488347  .00000158  00000-0  92059-4 0  9990
2 43689  98.6753 313.8133 0003085 151.5412 208.5935 14.21515153251566
1 43689U 18087A   23255.82527054  .00000210  00000-0  11572-3 0  9996
2 43689  98.6753 313.8825 0003089 151.3115 208.8232 14.21515470251572
1 43689U 18087A   23256.10681947  .00000222  00000-0  12124-3 0  9997
2 43689  98.6752 314.1592 0003103 150.7091 209.4261 14.21515652251615
1 43689U 18087A   23256.38836842  .00000232  00000-0  12571-3 0  9990
2 43689  98.6752 314.4359 0003119 149.9528 210.1829 14.21515842251655
1 43689U 18087A   23256.52914291  .00000214  00000-0  11784-3 0  9996
2 43689  98.6752 314.5742 0003127 149.6723 210.4636 14.21515809251679
1 43689U 18087A   23256.66991736  .00000207  00000-0  11422-3 0  9991
2 43689  98.6752 314.7126 0003131 149.3925 210.7435 14.21515849251699
1 43689U 18087A   23256.88107902  .00000217  00000-0  11906-3 0  9997
2 43689  98.6751 314.9201 0003145 148.9379 211.1984 14.21515957251725
1 43689U 18087A   23257.09224063  .00000224  00000-0  12237-3 0  9995
2 43689  98.6751 315.1276 0003153 148.4788 211.6579 14.21516102251759
1 43689U 18087A   23257.37378947  .00000233  00000-0  12637-3 0  9991
2 43689  98.6750 315.4044 0003166 147.8055 212.3316 14.21516280251796
1 43689U 18087A   23257.51456394  .00000233  00000-0  12624-3 0  9996
2 43689  98.6750 315.5427 0003172 147.4304 212.7070 14.21516343251816
1 43689U 18087A   23257.72572553  .00000225  00000-0  12278-3 0  9991
2 43689  98.6750 315.7502 0003178 146.9993 213.1383 14.21516426251843
1 43689U 18087A   23257.86649993  .00000195  00000-0  10889-3 0  9991
2 43689  98.6749 315.8886 0003186 146.6667 213.4711 14.21516326251860
1 43689U 18087A   23258.14804864  .00000227  00000-0  12346-3 0  9999
2 43689  98.6749 316.1653 0003199 146.2177 213.9204 14.21516633251900
1 43689U 18087A   23258.42959740  .00000222  00000-0  12144-3 0  9995
2 43689  98.6748 316.4420 0003211 145.5027 214.6359 14.21516732251948
1 43689U 18087A   23258.57037180  .00000196  00000-0  10935-3 0  9992
2 43689  98.6748 316.5804 0003217 145.2766 214.8621 14.21516657251960
1 43689U 18087A   23258.71114615  .00000190  00000-0  10653-3 0  9998
2 43689  98.6748 316.7187 0003217 145.0114 215.1275 14.21516701251982
1 43689U 18087A   23259.13346909  .00000193  00000-0  10789-3 0  9991
2 43689  98.6747 317.1337 0003237 144.1076 216.0319 14.21516908252048
1 43689U 18087A   23259.41501773  .00000194  00000-0  10833-3 0  9995
2 43689  98.6746 317.4104 0003251 143.4390 216.7010 14.21517073252082
1 43689U 18087A   23259.48540494  .00000186  00000-0  10472-3 0  9995
2 43689  98.6746 317.4796 0003254 143.2628 216.8773 14.21517048252094
1 43689U 18087A   23259.69656639  .00000178  00000-0  10097-3 0  9991
2 43689  98.6746 317.6871 0003261 142.8582 217.2822 14.21517126252123
1 43689U 18087A   23260.11888922  .00000202  00000-0  11226-3 0  9995
2 43689  98.6744 318.1021 0003272 141.7930 218.3479 14.21517431252186
1 43689U 18087A   23260.54121193  .00000227  00000-0  12367-3 0  9996
2 43689  98.6744 318.5171 0003295 140.8281 219.3135 14.21517799252244
1 43689U 18087A   23260.75237329  .00000215  00000-0  11808-3 0  9994
2 43689  98.6743 318.7246 0003301 140.4008 219.7411 14.21517864252276
1 43689U 18087A   23261.10430898  .00000203  00000-0  11246-3 0  9993
2 43689  98.6742 319.0704 0003314 139.7114 220.4310 14.21517984252327
1 43689U 18087A   23261.45624461  .00000191  00000-0  10691-3 0  9991
2 43689  98.6742 319.4163 0003329 138.9378 221.2051 14.21518044252373
1 43689U 18087A   23261.59701883  .00000184  00000-0  10407-3 0  9997
2 43689  98.6742 319.5546 0003332 138.6711 221.4719 14.21518100252399
1 43689U 18087A   23261.73779303  .00000181  00000-0  10264-3 0  9993
2 43689  98.6741 319.6929 0003337 138.3668 221.7764 14.21518153252411
1 43689U 18087A   23261.87856718  .00000200  00000-0  11125-3 0  9993
2 43689  98.6741 319.8313 0003346 138.0243 222.1191 14.21518314252436
1 43689U 18087A   23262.08972843  .00000203  00000-0  11281-3 0  9991
2 43689  98.6740 320.0387 0003353 137.5725 222.5713 14.21518451252466
1 43689U 18087A   23262.44166376  .00000209  00000-0  11521-3 0  9990
2 43689  98.6740 320.3846 0003368 136.8166 223.3276 14.21518679252517
1 43689U 18087A   23262.79359906  .00000202  00000-0  11222-3 0  9992
2 43689  98.6739 320.7304 0003375 136.0994 224.0452 14.21518847252563
1 43689U 18087A   23263.14553424  .00000227  00000-0  12374-3 0  9999
2 43689  98.6738 321.0762 0003388 135.3479 224.7972 14.21519173252611
1 43689U 18087A   23263.42708251  .00000231  00000-0  12550-3 0  9991
2 43689  98.6738 321.3529 0003400 134.6858 225.4597 14.21519325252657
1 43689U 18087A   23263.56785660  .00000223  00000-0  12182-3 0  9997
2 43689  98.6738 321.4912 0003405 134.4226 225.7230 14.21519365252679
1 43689U 18087A   23263.77901772  .00000218  00000-0  11952-3 0  9992
2 43689  98.6737 321.6987 0003411 133.9951 226.1508 14.21519444252703
1 43689U 18087A   23263.84940478  .00000211  00000-0  11608-3 0  9997
2 43689  98.6737 321.7679 0003413 133.8933 226.2526 14.21519429252718
1 43689U 18087A   23264.06056587  .00000209  00000-0  11534-3 0  9996
2 43689  98.6737 321.9754 0003418 133.4053 226.7409 14.21519551252742
1 43689U 18087A   23264.41250099  .00000222  00000-0  12122-3 0  9998
2 43689  98.6736 322.3212 0003432 132.6053 227.5414 14.21519804252793
1 43689U 18087A   23264.48288805  .00000211  00000-0  11620-3 0  9991
2 43689  98.6736 322.3903 0003434 132.4496 227.6973 14.21519765252800
1 43689U 18087A   23264.76443611  .00000206  00000-0  11418-3 0  9999
2 43689  98.6736 322.6670 0003441 131.8816 228.2656 14.21519893252842
1 43689U 18087A   23264.90521011  .00000208  00000-0  11491-3 0  9999
2 43689  98.6735 322.8053 0003448 131.6651 228.4822 14.21519979252864
1 43689U 18087A   23265.11637110  .00000208  00000-0  11480-3 0  9999
2 43689  98.6735 323.0128 0003449 131.2868 228.8606 14.21520104252896
1 43689U 18087A   23265.39791917  .00000211  00000-0  11633-3 0  9999
2 43689  98.6735 323.2894 0003465 130.6883 229.4596 14.21520255252933
1 43689U 18087A   23265.46830615  .00000210  00000-0  11574-3 0  9999
2 43689  98.6735 323.3586 0003467 130.5186 229.6294 14.21520301252949
1 43689U 18087A   23265.74985411  .00000200  00000-0  11126-3 0  9997
2 43689  98.6734 323.6352 0003473 129.9571 230.1912 14.21520422252981
1 43689U 18087A   23265.89062805  .00000208  00000-0  11491-3 0  9999
2 43689  98.6734 323.7735 0003478 129.6936 230.4549 14.21520520253006
1 43689U 18087A   23266.10178896  .00000208  00000-0  11487-3 0  9997
2 43689  98.6733 323.9810 0003480 129.2870 230.8616 14.21520654253037
1 43689U 18087A   23266.45372386  .00000198  00000-0  11038-3 0  9995
2 43689  98.6733 324.3268 0003494 128.4988 231.6504 14.21520784253089
1 43689U 18087A   23266.52411087  .00000191  00000-0  10732-3 0  9998
2 43689  98.6733 324.3960 0003497 128.3530 231.7962 14.21520788253097
1 43689U 18087A   23266.73527177  .00000185  00000-0  10428-3 0  9994
2 43689  98.6733 324.6034 0003498 127.9620 232.1874 14.21520870253121
1 43689U 18087A   23267.15759345  .00000195  00000-0  10887-3 0  9995
2 43689  98.6732 325.0184 0003512 127.0892 233.0607 14.21521140253181
1 43689U 18087A   23267.36875433  .00000201  00000-0  11169-3 0  9997
2 43689  98.6732 325.2259 0003518 126.6507 233.4994 14.21521253253212
1 43689U 18087A   23267.57991518  .00000203  00000-0  11250-3 0  9996
2 43689  98.6732 325.4334 0003523 126.1946 233.9558 14.21521395253247
1 43689U 18087A   23267.79107601  .00000197  00000-0  10979-3 0  9991
2 43689  98.6731 325.6408 0003526 125.7703 234.3803 14.21521462253275
1 43689U 18087A   23267.93184984  .00000198  00000-0  11051-3 0  9999
2 43689  98.6731 325.7791 0003532 125.4982 234.6525 14.21521532253298
1 43689U 18087A   23268.14301061  .00000203  00000-0  11243-3 0  9990
2 43689  98.6731 325.9866 0003535 125.0612 235.0897 14.21521667253322
1 43689U 18087A   23268.42455792  .00000265  00000-0  14102-3 0  9997
2 43689  98.6731 326.2633 0003549 124.4272 235.7241 14.21522272253365
1 43689U 18087A   23268.56533201  .00000236  00000-0  12769-3 0  9999
2 43689  98.6730 326.4016 0003555 124.1084 236.0431 14.21522112253386
1 43689U 18087A   23268.77649272  .00000233  00000-0  12635-3 0  9997
2 43689  98.6730 326.6090 0003559 123.6689 236.4828 14.21522197253410
1 43689U 18087A   23268.84687959  .00000238  00000-0  12836-3 0  9997
2 43689  98.6730 326.6782 0003563 123.5787 236.5731 14.21522244253429
1 43689U 18087A   23269.12842716  .00000241  00000-0  12996-3 0  9994
2 43689  98.6729 326.9548 0003565 122.9642 237.1878 14.21522418253461
1 43689U 18087A   23269.40997479  .00000239  00000-0  12892-3 0  9994
2 43689  98.6729 327.2314 0003572 122.3327 237.8196 14.21522511253507
1 43689U 18087A   23269.48036157  .00000250  00000-0  13390-3 0  9996
2 43689  98.6729 327.3006 0003572 122.1999 237.9525 14.21522645253515
1 43689U 18087A   23269.76190907  .00000247  00000-0  13251-3 0  9993
2 43689  98.6729 327.5772 0003577 121.5979 238.5548 14.21522786253555
1 43689U 18087A   23269.90268276  .00000256  00000-0  13666-3 0  9994
2 43689  98.6728 327.7155 0003584 121.3279 238.8249 14.21522906253577
1 43689U 18087A   23270.04345647  .00000257  00000-0  13705-3 0  9994
2 43689  98.6728 327.8538 0003585 121.0491 239.1038 14.21522997253599
1 43689U 18087A   23270.39539080  .00000254  00000-0  13565-3 0  9999
2 43689  98.6728 328.1995 0003595 120.2725 239.8808 14.21523172253646
1 43689U 18087A   23270.46577769  .00000252  00000-0  13515-3 0  9996
2 43689  98.6728 328.2687 0003597 120.1500 240.0034 14.21523190253653
1 43689U 18087A   23270.53616454  .00000251  00000-0  13453-3 0  9999
2 43689  98.6727 328.3378 0003598 120.0043 240.1492 14.21523236253663
1 43689U 18087A   23271.09927891  .00000245  00000-0  13199-3 0  9991
2 43689  98.7200 328.8929 0003810 111.9765 248.1818 14.21472351253744
1 43689U 18087A   23271.45122553  .00000235  00000-0  12730-3 0  9992
2 43689  98.7200 329.2405 0003813 111.1036 249.0549 14.21472387253799
1 43689U 18087A   23271.59200409  .00000415  00000-0  20967-3 0  9995
2 43689  98.7200 329.3796 0003810 110.9398 249.2187 14.21472606253815
1 43689U 18087A   23271.73278267  .00000413  00000-0  20875-3 0  9994
2 43689  98.7200 329.5187 0003808 110.6980 249.4605 14.21472685253838
1 43689U 18087A   23271.87356127  .00000257  00000-0  13765-3 0  9997
2 43689  98.7199 329.6577 0003823 110.2602 249.8987 14.21472683253850
1 43689U 18087A   23272.08472912  .00000255  00000-0  13686-3 0  9992
2 43689  98.7199 329.8662 0003824 109.7565 250.4025 14.21472830253887
1 43689U 18087A   23272.43667544  .00000291  00000-0  15295-3 0  9996
2 43689  98.7199 330.2138 0003828 108.9798 251.1794 14.21473163253931
1 43689U 18087A   23272.57745397  .00000260  00000-0  13898-3 0  9997
2 43689  98.7198 330.3528 0003833 108.6672 251.4922 14.21473233253954
1 43689U 18087A   23272.78862178  .00000172  00000-0  98710-4 0  9996
2 43689  98.7198 330.5614 0003837 108.2317 251.9278 14.21473186253987
1 43689U 18087A   23273.14056801  .00000166  00000-0  96045-4 0  9997
2 43689  98.7197 330.9090 0003842 107.5159 252.6438 14.21473355254031
1 43689U 18087A   23273.21095729  .00000170  00000-0  97961-4 0  9990
2 43689  98.7197 330.9785 0003842 107.3584 252.8014 14.21473406254042
1 43689U 18087A   23273.42212503  .00000169  00000-0  97294-4 0  9991
2 43689  98.7197 331.1871 0003847 106.9148 253.2451 14.21473487254079
1 43689U 18087A   23273.77407110  .00000212  00000-0  11700-3 0  9995
2 43689  98.7196 331.5347 0003836 106.1294 254.0305 14.21473768254127
1 43689U 18087A   23274.12601706  .00000230  00000-0  12504-3 0  9995
2 43689  98.7195 331.8823 0003840 105.5970 254.5631 14.21474078254174
1 43689U 18087A   23274.40757384  .00000249  00000-0  13403-3 0  9999
2 43689  98.7195 332.1604 0003837 104.8411 255.3191 14.21474396254211
1 43689U 18087A   23274.47796310  .00000234  00000-0  12717-3 0  9999
2 43689  98.7195 332.2299 0003839 104.6948 255.4655 14.21474346254229
1 43689U 18087A   23274.75951989  .00000225  00000-0  12274-3 0  9993
2 43689  98.7194 332.5080 0003840 104.1018 256.0586 14.21474474254260
1 43689U 18087A   23274.82990901  .00000235  00000-0  12765-3 0  9994
2 43689  98.7194 332.5775 0003836 104.0253 256.1350 14.21474575254279
1 43689U 18087A   23275.11146575  .00000229  00000-0  12481-3 0  9995
2 43689  98.7193 332.8556 0003831 103.4107 256.7497 14.21474729254318
1 43689U 18087A   23275.39302247  .00000240  00000-0  12960-3 0  9990
2 43689  98.7193 333.1337 0003834 102.8321 257.3285 14.21474934254357
1 43689U 18087A   23275.81535743  .00000243  00000-0  13131-3 0  9990
2 43689  98.7192 333.5508 0003835 101.9735 258.1872 14.21475216254412
1 43689U 18087A   23276.16730325  .00000238  00000-0  12885-3 0  9991
2 43689  98.7191 333.8984 0003835 101.2753 258.8855 14.21475400254463
1 43689U 18087A   23276.44885984  .00000229  00000-0  12472-3 0  9996
2 43689  98.7191 334.1765 0003838 100.6692 259.4918 14.21475530254508
1 43689U 18087A   23276.58963812  .00000228  00000-0  12447-3 0  9999
2 43689  98.7190 334.3155 0003838 100.3434 259.8175 14.21475625254529
1 43689U 18087A   23276.80080551  .00000225  00000-0  12308-3 0  9997
2 43689  98.7190 334.5241 0003838  99.8992 260.2618 14.21475731254557
1 43689U 18087A   23276.87119459  .00000241  00000-0  13008-3 0  9990
2 43689  98.7190 334.5936 0003841  99.8578 260.3033 14.21475849254565
1 43689U 18087A   23277.15275107  .00000240  00000-0  12974-3 0  9995
2 43689  98.7189 334.8716 0003839  99.2436 260.9175 14.21476027254603
1 43689U 18087A   23277.43430754  .00000246  00000-0  13270-3 0  9993
2 43689  98.7189 335.1497 0003842  98.5975 261.5638 14.21476241254640
1 43689U 18087A   23277.57508571  .00000258  00000-0  13801-3 0  9994
2 43689  98.7189 335.2887 0003847  98.3124 261.8490 14.21476414254666
1 43689U 18087A   23277.78625301  .00000254  00000-0  13637-3 0  9991
2 43689  98.7188 335.4972 0003848  97.8615 262.3000 14.21476516254691
1 43689U 18087A   23277.85664209  .00000252  00000-0  13546-3 0  9996
2 43689  98.7188 335.5668 0003845  97.7778 262.3835 14.21476546254701
1 43689U 18087A   23278.13819839  .00000264  00000-0  14072-3 0  9997
2 43689  98.7187 335.8449 0003846  97.2321 262.9294 14.21476779254747
1 43689U 18087A   23278.41975465  .00000298  00000-0  15610-3 0  9992
2 43689  98.7187 336.1229 0003848  96.6450 263.5165 14.21477134254789
1 43689U 18087A   23278.56053276  .00000288  00000-0  15171-3 0  9996
2 43689  98.7187 336.2620 0003848  96.3575 263.8041 14.21477200254803
1 43689U 18087A   23278.77169991  .00000288  00000-0  15155-3 0  9993
2 43689  98.7186 336.4705 0003848  95.9014 264.2602 14.21477332254838
1 43689U 18087A   23278.84208900  .00000281  00000-0  14861-3 0  9991
2 43689  98.7186 336.5400 0003849  95.8030 264.3586 14.21477322254841
1 43689U 18087A   23279.12364518  .00000280  00000-0  14806-3 0  9999
2 43689  98.7186 336.8180 0003844  95.1848 264.9768 14.21477502254886
1 43689U 18087A   23279.47559044  .00000305  00000-0  15938-3 0  9992
2 43689  98.7186 337.1656 0003848  94.4731 265.6886 14.21477848254933
1 43689U 18087A   23279.61636844  .00000296  00000-0  15521-3 0  9999
2 43689  98.7186 337.3046 0003846  94.1990 265.9627 14.21477926254955
1 43689U 18087A   23279.75714648  .00000293  00000-0  15398-3 0  9992
2 43689  98.7185 337.4437 0003845  93.8973 266.2644 14.21478000254974
1 43689U 18087A   23279.89792452  .00000290  00000-0  15246-3 0  9995
2 43689  98.7185 337.5827 0003843  93.6361 266.5256 14.21478059254993
1 43689U 18087A   23280.03870252  .00000297  00000-0  15571-3 0  9996
2 43689  98.7184 337.7217 0003838  93.3791 266.7826 14.21478187255016
1 43689U 18087A   23280.46103663  .00000279  00000-0  14756-3 0  9992
2 43689  98.7184 338.1388 0003840  92.5127 267.6490 14.21478373255077
1 43689U 18087A   23280.53142564  .00000283  00000-0  14941-3 0  9994
2 43689  98.7184 338.2083 0003838  92.3824 267.7793 14.21478447255089
1 43689U 18087A   23280.74259262  .00000278  00000-0  14727-3 0  9997
2 43689  98.7184 338.4168 0003836  91.9454 268.2162 14.21478573255117
1 43689U 18087A   23280.88337058  .00000282  00000-0  14884-3 0  9991
2 43689  98.7184 338.5558 0003834  91.7100 268.4516 14.21478673255133
1 43689U 18087A   23281.09453751  .00000280  00000-0  14811-3 0  9992
2 43689  98.7183 338.7643 0003832  91.2390 268.9226 14.21478826255169
1 43689U 18087A   23281.44648239  .00000288  00000-0  15171-3 0  9996
2 43689  98.7183 339.1119 0003832  90.5205 269.6411 14.21479093255216
1 43689U 18087A   23281.58726031  .00000298  00000-0  15624-3 0  9992
2 43689  98.7183 339.2509 0003832  90.2234 269.9382 14.21479241255236
1 43689U 18087A   23281.79842718  .00000292  00000-0  15364-3 0  9991
2 43689  98.7183 339.4594 0003829  89.7740 270.3876 14.21479357255268
1 43689U 18087A   23281.86881610  .00000293  00000-0  15388-3 0  9990
2 43689  98.7183 339.5289 0003827  89.6408 270.5207 14.21479409255277
1 43689U 18087A   23282.07998291  .00000297  00000-0  15574-3 0  9999
2 43689  98.7182 339.7374 0003823  89.1959 270.9656 14.21479578255308
1 43689U 18087A   23282.36153868  .00000299  00000-0  15652-3 0  9993
2 43689  98.7182 340.0155 0003823  88.6300 271.5315 14.21479777255348
1 43689U 18087A   23282.57270550  .00000292  00000-0  15371-3 0  9995
2 43689  98.7182 340.2240 0003821  88.1970 271.9645 14.21479883255372
1 43689U 18087A   23282.78387225  .00000294  00000-0  15452-3 0  9998
2 43689  98.7182 340.4325 0003821  87.7309 272.4305 14.21480025255402
1 43689U 18087A   23282.85426105  .00000317  00000-0  16495-3 0  9991
2 43689  98.7182 340.5020 0003820  87.5906 272.5709 14.21480209255419
1 43689U 18087A   23283.13581667  .00000311  00000-0  16218-3 0  9995
2 43689  98.7181 340.7801 0003815  86.9952 273.1661 14.21480393255457
1 43689U 18087A   23283.41737230  .00000315  00000-0  16389-3 0  9998
2 43689  98.7181 341.0581 0003815  86.3936 273.7677 14.21480583255490
1 43689U 18087A   23283.48776119  .00000323  00000-0  16758-3 0  9993
2 43689  98.7181 341.1276 0003814  86.2391 273.9222 14.21480669255500
1 43689U 18087A   23283.76931672  .00000318  00000-0  16537-3 0  9990
2 43689  98.7181 341.4057 0003809  85.6345 274.5267 14.21480848255545
1 43689U 18087A   23283.83970561  .00000304  00000-0  15880-3 0  9993
2 43689  98.7181 341.4752 0003807  85.5120 274.6492 14.21480807255552
1 43689U 18087A   23284.12126107  .00000307  00000-0  16047-3 0  9994
2 43689  98.7180 341.7532 0003799  84.8836 275.2775 14.21481021255590
1 43689U 18087A   23284.47320542  .00000318  00000-0  16537-3 0  9997
2 43689  98.7180 342.1008 0003794  84.1395 276.0215 14.21481304255649
1 43689U 18087A   23284.61398311  .00000317  00000-0  16511-3 0  9993
2 43689  98.7180 342.2398 0003790  83.8191 276.3417 14.21481421255667
1 43689U 18087A   23284.75476081  .00000313  00000-0  16333-3 0  9997
2 43689  98.7180 342.3788 0003786  83.4960 276.6648 14.21481493255686
1 43689U 18087A   23285.17709382  .00000316  00000-0  16471-3 0  9993
2 43689  98.7179 342.7958 0003780  82.6783 277.4824 14.21481811255741
1 43689U 18087A   23285.45864912  .00000317  00000-0  16481-3 0  9997
2 43689  98.7179 343.0739 0003776  82.0075 278.1530 14.21482000255782
1 43689U 18087A   23285.59942675  .00000318  00000-0  16525-3 0  9995
2 43689  98.7178 343.2129 0003771  81.7149 278.4456 14.21482116255800
1 43689U 18087A   23285.74020437  .00000315  00000-0  16412-3 0  9997
2 43689  98.7178 343.3520 0003768  81.4388 278.7216 14.21482204255821
1 43689U 18087A   23285.88098195  .00000321  00000-0  16658-3 0  9997
2 43689  98.7178 343.4910 0003765  81.1185 279.0419 14.21482310255843
1 43689U 18087A   23286.16253719  .00000315  00000-0  16411-3 0  9994
2 43689  98.7177 343.7690 0003759  80.6144 279.5458 14.21482469255889
1 43689U 18087A   23286.44409226  .00000331  00000-0  17122-3 0  9999
2 43689  98.7177 344.0470 0003757  79.9736 280.1865 14.21482806255925
1 43689U 18087A   23286.58486980  .00000330  00000-0  17096-3 0  9995
2 43689  98.7176 344.1860 0003755  79.6876 280.4724 14.21482926255940
1 43689U 18087A   23286.79603601  .00000350  00000-0  18005-3 0  9992
2 43689  98.7175 344.3945 0003756  79.3011 280.8589 14.21483209255975
1 43689U 18087A   23286.86642475  .00000356  00000-0  18277-3 0  9999
2 43689  98.7175 344.4640 0003755  79.1903 280.9697 14.21483277255982
1 43689U 18087A   23287.14797980  .00000352  00000-0  18083-3 0  9994
2 43689  98.7174 344.7420 0003749  78.6071 281.5527 14.21483449256029
1 43689U 18087A   23287.42953475  .00000353  00000-0  18157-3 0  9991
2 43689  98.7174 345.0200 0003745  77.9696 282.1901 14.21483666256068
1 43689U 18087A   23287.57031226  .00000338  00000-0  17444-3 0  9999
2 43689  98.7174 345.1590 0003738  77.6641 282.4955 14.21483681256081
1 43689U 18087A   23287.85186717  .00000341  00000-0  17582-3 0  9993
2 43689  98.7173 345.4370 0003736  77.0952 283.0642 14.21483876256127
1 43689U 18087A   23287.92225588  .00000347  00000-0  17845-3 0  9999
2 43689  98.7173 345.5065 0003735  76.9637 283.1957 14.21483946256135
1 43689U 18087A   23288.13342200  .00000343  00000-0  17703-3 0  9993
2 43689  98.7172 345.7150 0003729  76.5222 283.6371 14.21484113256165
1 43689U 18087A   23288.41497691  .00000337  00000-0  17387-3 0  9990
2 43689  98.7172 345.9930 0003728  75.9866 284.1726 14.21484276256204
1 43689U 18087A   23288.55575437  .00000322  00000-0  16740-3 0  9996
2 43689  98.7171 346.1320 0003724  75.6693 284.4898 14.21484289256229
1 43689U 18087A   23288.83730914  .00000308  00000-0  16094-3 0  9996
2 43689  98.7170 346.4100 0003717  75.0697 285.0891 14.21484421256269
1 43689U 18087A   23288.90769784  .00000302  00000-0  15791-3 0  9998
2 43689  98.7170 346.4795 0003713  74.9261 285.2327 14.21484442256270
1 43689U 18087A   23289.18925259  .00000299  00000-0  15683-3 0  9995
2 43689  98.7170 346.7575 0003704  74.3542 285.8044 14.21484658256311
1 43689U 18087A   23289.33002995  .00000298  00000-0  15604-3 0  9997
2 43689  98.7169 346.8965 0003702  74.0603 286.0982 14.21484738256331
1 43689U 18087A   23289.47080729  .00000296  00000-0  15512-3 0  9999
2 43689  98.7169 347.0355 0003701  73.7830 286.3755 14.21484835256355
1 43689U 18087A   23289.61158466  .00000279  00000-0  14744-3 0  9996
2 43689  98.7169 347.1745 0003697  73.4892 286.6691 14.21484862256372
1 43689U 18087A   23289.75236200  .00000274  00000-0  14551-3 0  9995
2 43689  98.7168 347.3135 0003694  73.1891 286.9692 14.21484932256393
1 43689U 18087A   23289.89313931  .00000270  00000-0  14329-3 0  9996
2 43689  98.7168 347.4525 0003689  72.8789 287.2792 14.21485008256416
1 43689U 18087A   23290.10430527  .00000268  00000-0  14262-3 0  9996
2 43689  98.7168 347.6610 0003680  72.4561 287.7018 14.21485156256441
1 43689U 18087A   23290.45624863  .00000254  00000-0  13632-3 0  9997
2 43689  98.7167 348.0085 0003676  71.6919 288.4658 14.21485293256499
1 43689U 18087A   23290.59702590  .00000260  00000-0  13890-3 0  9999
2 43689  98.7167 348.1475 0003671  71.3743 288.7833 14.21485436256510
1 43689U 18087A   23290.80819184  .00000253  00000-0  13566-3 0  9993
2 43689  98.7166 348.3559 0003668  70.9524 289.2050 14.21485522256548
1 43689U 18087A   23291.08974635  .00000256  00000-0  13708-3 0  9998
2 43689  98.7166 348.6339 0003657  70.3437 289.8135 14.21485713256588
1 43689U 18087A   23291.16013505  .00000249  00000-0  13379-3 0  9993
2 43689  98.7166 348.7034 0003656  70.1990 289.9581 14.21485704256599
1 43689U 18087A   23291.44168956  .00000245  00000-0  13222-3 0  9998
2 43689  98.7165 348.9814 0003653  69.6036 290.5533 14.21485862256632
1 43689U 18087A   23291.86402115  .00000269  00000-0  14292-3 0  9996
2 43689  98.7164 349.3984 0003640  68.6401 291.5165 14.21486255256690
1 43689U 18087A   23291.93440975  .00000270  00000-0  14323-3 0  9997
2 43689  98.7164 349.4679 0003639  68.4392 291.7172 14.21486308256708
1 43689U 18087A   23292.14557552  .00000269  00000-0  14296-3 0  9998
2 43689  98.7164 349.6763 0003632  67.9475 292.2088 14.21486457256733
1 43689U 18087A   23292.49751851  .00000282  00000-0  14882-3 0  9990
2 43689  98.7164 350.0238 0003623  67.1583 292.9977 14.21486696256782
1 43689U 18087A   23292.56790709  .00000281  00000-0  14842-3 0  9998
2 43689  98.7163 350.0933 0003620  67.0161 293.1398 14.21486743256795
1 43689U 18087A   23292.77907279  .00000281  00000-0  14845-3 0  9996
2 43689  98.7163 350.3018 0003616  66.5336 293.6221 14.21486874256824
1 43689U 18087A   23292.91984991  .00000294  00000-0  15441-3 0  9995
2 43689  98.7163 350.4408 0003613  66.3211 293.8345 14.21487007256845
1 43689U 18087A   23293.13101568  .00000264  00000-0  14048-3 0  9990
2 43689  98.7162 350.6493 0003607  65.9320 294.2235 14.21486969256871
1 43689U 18087A   23293.48295852  .00000249  00000-0  13406-3 0  9998
2 43689  98.7162 350.9967 0003603  65.2708 294.8844 14.21487099256922
1 43689U 18087A   23293.55334708  .00000250  00000-0  13417-3 0  9994
2 43689  98.7162 351.0662 0003601  65.1227 295.0324 14.21487149256932
1 43689U 18087A   23293.83490130  .00000238  00000-0  12903-3 0  9992
2 43689  98.7161 351.3442 0003592  64.5139 295.6409 14.21487241256971
1 43689U 18087A   23293.90528986  .00000237  00000-0  12833-3 0  9992
2 43689  98.7161 351.4137 0003588  64.3657 295.7890 14.21487262256980
1 43689U 18087A   23294.11645547  .00000234  00000-0  12683-3 0  9999
2 43689  98.7161 351.6222 0003578  63.8894 296.2651 14.21487391257012
1 43689U 18087A   23294.46839819  .00000216  00000-0  11865-3 0  9995
2 43689  98.7160 351.9696 0003568  63.1943 296.9599 14.21487481257069
1 43689U 18087A   23294.53878673  .00000214  00000-0  11764-3 0  9990
2 43689  98.7160 352.0391 0003566  63.0422 297.1119 14.21487516257073
1 43689U 18087A   23294.82034081  .00000212  00000-0  11712-3 0  9990
2 43689  98.7160 352.3171 0003559  62.4638 297.6900 14.21487673257118
1 43689U 18087A   23294.89072934  .00000210  00000-0  11601-3 0  9991
2 43689  98.7160 352.3866 0003556  62.3107 297.8431 14.21487700257129
1 43689U 18087A   23295.17228345  .00000208  00000-0  11520-3 0  9999
2 43689  98.7159 352.6645 0003546  61.6783 298.4751 14.21487849257166
1 43689U 18087A   23295.45383751  .00000211  00000-0  11650-3 0  9991
2 43689  98.7159 352.9425 0003536  61.0466 299.1065 14.21487995257209
1 43689U 18087A   23295.59461448  .00000194  00000-0  10877-3 0  9996
2 43689  98.7159 353.0815 0003532  60.7646 299.3884 14.21488018257226
1 43689U 18087A   23295.80577991  .00000221  00000-0  12126-3 0  9991
2 43689  98.7159 353.2899 0003526  60.3153 299.8375 14.21488291257258
1 43689U 18087A   23295.87616841  .00000223  00000-0  12183-3 0  9991
2 43689  98.7158 353.3594 0003525  60.1620 299.9907 14.21488331257264
1 43689U 18087A   23296.15772242  .00000212  00000-0  11699-3 0  9990
2 43689  98.7158 353.6374 0003512  59.4499 300.7024 14.21488426257305
1 43689U 18087A   23296.43927636  .00000209  00000-0  11573-3 0  9997
2 43689  98.7158 353.9154 0003505  58.8592 301.2928 14.21488567257342
1 43689U 18087A   23296.79121882  .00000186  00000-0  10522-3 0  9992
2 43689  98.7157 354.2628 0003499  58.0964 302.0553 14.21488637257394
1 43689U 18087A   23296.93199573  .00000193  00000-0  10813-3 0  9991
2 43689  98.7157 354.4018 0003491  57.7811 302.3705 14.21488747257415
1 43689U 18087A   23297.14316113  .00000190  00000-0  10667-3 0  9990
2 43689  98.7157 354.6102 0003482  57.2685 302.8828 14.21488860257445
1 43689U 18087A   23297.42471501  .00000195  00000-0  10937-3 0  9999
2 43689  98.7157 354.8882 0003470  56.6447 303.5062 14.21488958257488
1 43689U 18087A   23297.56549194  .00000187  00000-0  10532-3 0  9990
2 43689  98.7157 355.0271 0003463  56.2962 303.8545 14.21488987257507
1 43689U 18087A   23297.63588039  .00000187  00000-0  10543-3 0  9991
2 43689  98.7156 355.0966 0003461  56.1381 304.0125 14.21489026257512
1 43689U 18087A   23298.62131869  .00000165  00000-0  95618-4 0  9999
2 43689  98.7155 356.0694 0003420  53.8738 306.2756 14.21489386257653
1 43689U 18087A   23298.90287242  .00000174  00000-0  99556-4 0  9992
2 43689  98.7154 356.3473 0003409  53.2086 306.9404 14.21489535257694
1 43689U 18087A   23299.11403770  .00000171  00000-0  98106-4 0  9999
2 43689  98.7154 356.5558 0003399  52.7118 307.4368 14.21489638257721
1 43689U 18087A   23299.46597982  .00000175  00000-0  10018-3 0  9995
2 43689  98.7154 356.9032 0003386  51.9638 308.1845 14.21489820257772
1 43689U 18087A   23299.60675664  .00000174  00000-0  99516-4 0  9995
2 43689  98.7153 357.0421 0003380  51.6691 308.4790 14.21489881257796
1 43689U 18087A   23299.74753347  .00000177  00000-0  10075-3 0  9990
2 43689  98.7153 357.1811 0003375  51.3479 308.8000 14.21489950257813
1 43689U 18087A   23299.81792183  .00000188  00000-0  10584-3 0  9996
2 43689  98.7153 357.2506 0003372  51.1966 308.9511 14.21490049257821
1 43689U 18087A   23300.16986379  .00000210  00000-0  11609-3 0  9994
2 43689  98.7152 357.5980 0003354  50.4539 309.6935 14.21490364257870
1 43689U 18087A   23300.38102896  .00000216  00000-0  11884-3 0  9993
2 43689  98.7152 357.8065 0003348  50.0161 310.1310 14.21490493257908
1 43689U 18087A   23300.59219416  .00000205  00000-0  11364-3 0  9994
2 43689  98.7152 358.0149 0003340  49.6086 310.5382 14.21490537257931
1 43689U 18087A   23300.80335929  .00000212  00000-0  11686-3 0  9991
2 43689  98.7151 358.2233 0003334  49.1446 311.0020 14.21490676257966
1 43689U 18087A   23300.80335929  .00000212  00000-0  11686-3 0  9991
2 43689  98.7151 358.2233 0003334  49.1446 311.0020 14.21490676257966
1 43689U 18087A   23301.01452442  .00000211  00000-0  11650-3 0  9995
2 43689  98.7151 358.4318 0003322  48.6797 311.4666 14.21490772257992
1 43689U 18087A   23301.43685471  .00000218  00000-0  11969-3 0  9991
2 43689  98.7150 358.8486 0003306  47.7880 312.3577 14.21491002258052
1 43689U 18087A   23301.57763137  .00000229  00000-0  12479-3 0  9991
2 43689  98.7150 358.9876 0003301  47.4239 312.7217 14.21491161258079
1 43689U 18087A   23301.85918469  .00000251  00000-0  13488-3 0  9998
2 43689  98.7149 359.2655 0003292  46.7968 313.3484 14.21491420258112
1 43689U 18087A   23301.92957304  .00000249  00000-0  13384-3 0  9999
2 43689  98.7149 359.3350 0003287  46.6365 313.5086 14.21491441258123
1 43689U 18087A   23302.14073809  .00000235  00000-0  12739-3 0  9991
2 43689  98.7149 359.5435 0003277  46.1755 313.9693 14.21491506258159
1 43689U 18087A   23302.49267975  .00000255  00000-0  13676-3 0  9991
2 43689  98.7148 359.8909 0003260  45.4000 314.7442 14.21491777258201
1 43689U 18087A   23302.56306807  .00000255  00000-0  13642-3 0  9990
2 43689  98.7148 359.9604 0003256  45.2541 314.8901 14.21491820258218
1 43689U 18087A   23302.77423303  .00000251  00000-0  13476-3 0  9995
2 43689  98.7148   0.1688 0003248  44.7855 315.3584 14.21491920258245
1 43689U 18087A   23302.91500967  .00000250  00000-0  13436-3 0  9998
2 43689  98.7147   0.3078 0003240  44.4288 315.7148 14.21491985258261
1 43689U 18087A   23303.19656291  .00000247  00000-0  13311-3 0  9999
2 43689  98.7147   0.5857 0003225  43.7618 316.3814 14.21492147258303
1 43689U 18087A   23303.47811606  .00000262  00000-0  13968-3 0  9998
2 43689  98.7146   0.8637 0003211  43.0191 317.1237 14.21492349258341
1 43689U 18087A   23303.83005753  .00000262  00000-0  13992-3 0  9993
2 43689  98.7145   1.2110 0003194  42.1809 317.9614 14.21492529258399
1 43689U 18087A   23303.90044582  .00000263  00000-0  14022-3 0  9990
2 43689  98.7145   1.2805 0003189  42.0294 318.1128 14.21492565258406
1 43689U 18087A   23304.18199899  .00000240  00000-0  12979-3 0  9997
2 43689  98.7144   1.5584 0003175  41.2925 318.8492 14.21492629258445
1 43689U 18087A   23304.53394036  .00000243  00000-0  13117-3 0  9994
2 43689  98.7144   1.9058 0003159  40.4933 319.6479 14.21492830258490
1 43689U 18087A   23304.81549339  .00000245  00000-0  13222-3 0  9992
2 43689  98.7143   2.1837 0003146  39.8563 320.2845 14.21493009258533
1 43689U 18087A   23304.88588164  .00000245  00000-0  13187-3 0  9998
2 43689  98.7143   2.2532 0003141  39.6887 320.4519 14.21493045258549
1 43689U 18087A   23305.16743466  .00000244  00000-0  13143-3 0  9999
2 43689  98.7142   2.5311 0003127  38.9368 321.2034 14.21493219258584
1 43689U 18087A   23305.44898765  .00000211  00000-0  11646-3 0  9993
2 43689  98.7142   2.8090 0003117  38.3439 321.7959 14.21493254258628
1 43689U 18087A   23305.80093431  .00000205  00000-0  11369-3 0  9995
2 43689  98.7143   3.1565 0003079  38.2065 321.9330 14.21469489258674
1 43689U 18087A   23305.94171291  .00000206  00000-0  11440-3 0  9992
2 43689  98.7143   3.2953 0003016  37.9606 322.1784 14.21469608258695
1 43689U 18087A   23306.15288111  .00000203  00000-0  11280-3 0  9995
2 43689  98.7142   3.5037 0003006  37.3708 322.7678 14.21469788258727
1 43689U 18087A   23306.50482807  .00000208  00000-0  11535-3 0  9990
2 43689  98.7142   3.8511 0002980  36.5507 323.5873 14.21469961258779
1 43689U 18087A   23306.57521746  .00000207  00000-0  11486-3 0  9997
2 43689  98.7142   3.9206 0002977  36.3949 323.7431 14.21470013258788
1 43689U 18087A   23306.78638562  .00000194  00000-0  10894-3 0  9992
2 43689  98.7142   4.1290 0002971  35.7850 324.3525 14.21470106258810
1 43689U 18087A   23306.92716436  .00000242  00000-0  13070-3 0  9998
2 43689  98.7141   4.2680 0002955  35.7294 324.4080 14.21470234258838
1 43689U 18087A   23307.13833249  .00000236  00000-0  12810-3 0  9998
2 43689  98.7141   4.4764 0002947  35.1718 324.9653 14.21470363258866
1 43689U 18087A   23307.49027933  .00000256  00000-0  13715-3 0  9999
2 43689  98.7140   4.8238 0002931  34.3881 325.7486 14.21470663258912
1 43689U 18087A   23307.56066864  .00000281  00000-0  14859-3 0  9991
2 43689  98.7140   4.8932 0002927  34.2775 325.8591 14.21470843258928
1 43689U 18087A   23307.84222608  .00000275  00000-0  14557-3 0  9990
2 43689  98.7140   5.1711 0002914  33.5714 326.5647 14.21470965258967
1 43689U 18087A   23307.91261544  .00000274  00000-0  14536-3 0  9996
2 43689  98.7140   5.2406 0002908  33.3425 326.7935 14.21470986258975
1 43689U 18087A   23308.19417283  .00000255  00000-0  13671-3 0  9998
2 43689  98.7139   5.5185 0002895  32.4905 327.6450 14.21471173259015
1 43689U 18087A   23308.47573019  .00000248  00000-0  13324-3 0  9996
2 43689  98.7139   5.7964 0002880  31.9316 328.2035 14.21471304259052
1 43689U 18087A   23308.61650884  .00000248  00000-0  13352-3 0  9999
2 43689  98.7139   5.9353 0002873  31.5674 328.5675 14.21471401259074
1 43689U 18087A   23308.82767672  .00000266  00000-0  14185-3 0  9991
2 43689  98.7139   6.1438 0002863  30.9319 329.2027 14.21471641259108
1 43689U 18087A   23308.89806603  .00000264  00000-0  14068-3 0  9994
2 43689  98.7139   6.2132 0002855  30.7698 329.3646 14.21471667259116
1 43689U 18087A   23309.17962322  .00000302  00000-0  15806-3 0  9991
2 43689  98.7138   6.4911 0002840  30.0452 330.0888 14.21472087259155
1 43689U 18087A   23309.46118042  .00000295  00000-0  15503-3 0  9990
2 43689  98.7138   6.7690 0002828  29.4226 330.7110 14.21472236259194
1 43689U 18087A   23309.60195908  .00000277  00000-0  14663-3 0  9998
2 43689  98.7138   6.9080 0002820  29.1102 331.0232 14.21472216259211
1 43689U 18087A   23309.81312687  .00000295  00000-0  15500-3 0  9997
2 43689  98.7138   7.1164 0002811  28.6668 331.4664 14.21472444259247
1 43689U 18087A   23309.88351546  .00000459  00000-0  22976-3 0  9998
2 43689  98.7138   7.1859 0002807  28.4831 331.6499 14.21473557259258