1 38771U 12049A   23208.14120300 -.00000012  00000-0  14417-4 0  9993
2 38771  98.6761 266.8436 0000993  97.1906 290.9058 14.21493958563220
1 38771U 12049A   23208.44207775 -.00000012  00000-0  14363-4 0  9998
2 38771  98.6761 267.1394 0000989  97.8481  29.0684 14.21493890563262
1 38771U 12049A   23208.58442654 -.00000050  00000-0 -28134-5 0  9995
2 38771  98.6761 267.2793 0000990  98.0897  36.8679 14.21493897563292
1 38771U 12049A   23208.73096737 -.00000049  00000-0 -27315-5 0  9997
2 38771  98.6761 267.4233 0000989  98.1301  66.3089 14.21493937563302
1 38771U 12049A   23208.90942130 -.00000050  00000-0 -27673-5 0  9992
2 38771  98.6761 267.5987 0000986  98.2796 258.8599 14.21493956563333
1 38771U 12049A   23209.09015110 -.00000048  00000-0 -20883-5 0  9995
2 38771  98.6761 267.7764 0000984  98.4262 103.0539 14.21494036563353
1 38771U 12049A   23209.48565145 -.00000048  00000-0 -22427-5 0  9992
2 38771  98.6761 268.1652 0000980  98.9513 325.3108 14.21494055563413
1 38771U 12049A   23209.57028227 -.00000048  00000-0 -19064-5 0  9990
2 38771  98.6761 268.2484 0000979  99.0553  38.0502 14.21494072563438
1 38771U 12049A   23209.78312458 -.00000047  00000-0 -17999-5 0  9999
2 38771  98.6761 268.4576 0000977  99.3391  46.3460 14.21494088563457
1 38771U 12049A   23210.11813427 -.00000046  00000-0 -11403-5 0  9993
2 38771  98.6761 268.7869 0000972  99.7679 319.3205 14.21494128563504
1 38771U 12049A   23210.41329211 -.00000044  00000-0 -25646-6 0  9992
2 38771  98.6761 269.0771 0000970  99.9488  28.7212 14.21494172563540
1 38771U 12049A   23210.76148969  .00000139  00000-0  83277-4 0  9994
2 38771  98.6760 269.4192 0001009  99.6887   9.8356 14.21494789563592
1 38771U 12049A   23211.10294616  .00000142  00000-0  84633-4 0  9995
2 38771  98.6760 269.7549 0001004 100.1317 315.7689 14.21494949563644
1 38771U 12049A   23211.45642458  .00000144  00000-0  85691-4 0  9991
2 38771  98.6760 270.1023 0001009 100.2006 323.5622 14.21495069563691
1 38771U 12049A   23211.74718394  .00000148  00000-0  87541-4 0  9996
2 38771  98.6760 270.3882 0001010 100.3338  10.5156 14.21495226563732
1 38771U 12049A   23212.11418472  .00000166  00000-0  95560-4 0  9992
2 38771  98.6759 270.7489 0001013 100.3925  87.4800 14.21495449563783
1 38771U 12049A   23212.46766204  .00000172  00000-0  98388-4 0  9997
2 38771  98.6760 271.0963 0001021 100.4404  95.2897 14.21495634563833
1 38771U 12049A   23212.80274307  .00000174  00000-0  99385-4 0  9993
2 38771  98.6759 271.4257 0001019 100.5390   8.9607 14.21495772563881
1 38771U 12049A   23213.14384545  .00000172  00000-0  98668-4 0  9998
2 38771  98.6759 271.7610 0001017 100.7981 313.2681 14.21495912563939
1 38771U 12049A   23213.42662941  .00000163  00000-0  94437-4 0  9998
2 38771  98.6759 272.0389 0001023 100.9036 319.4594 14.21495947563979
1 38771U 12049A   23213.79502591  .00000164  00000-0  95045-4 0  9999
2 38771  98.6758 272.4010 0001024 101.0126  43.5128 14.21496128564023
1 38771U 12049A   23214.08900854  .00000161  00000-0  93272-4 0  9993
2 38771  98.6758 272.6900 0001022 101.2620 106.8363 14.21496237564061
1 38771U 12049A   23214.42424980  .00000161  00000-0  93312-4 0  9997
2 38771  98.6758 273.0195 0001023 101.5685  21.1200 14.21496352564110
1 38771U 12049A   23214.77334061  .00000171  00000-0  97922-4 0  9997
2 38771  98.6758 273.3626 0001022 101.7035   6.4090 14.21496551564161
1 38771U 12049A   23215.11590508  .00000186  00000-0  10501-3 0  9999
2 38771  98.6757 273.6993 0001021 102.0190 318.1390 14.21496806564210
1 38771U 12049A   23215.46799954  .00000196  00000-0  10953-3 0  9995
2 38771  98.6757 274.0454 0001028 102.1817 318.7624 14.21496982564267
1 38771U 12049A   23215.75911480  .00000192  00000-0  10760-3 0  9999
2 38771  98.6757 274.3316 0001026 102.4228   7.4300 14.21497115564301
1 38771U 12049A   23216.10127525  .00000191  00000-0  10713-3 0  9995
2 38771  98.6756 274.6679 0001028 102.6620 317.1703 14.21497270564350
1 38771U 12049A   23216.45361323  .00000173  00000-0  98770-4 0  9999
2 38771  98.6756 275.0142 0001033 102.8013 319.0634 14.21497321564401
1 38771U 12049A   23216.74431567  .00000174  00000-0  99600-4 0  9993
2 38771  98.6756 275.2999 0001034 102.8839   5.7786 14.21497486564443
1 38771U 12049A   23217.15602505  .00000177  00000-0  10071-3 0  9998
2 38771  98.6755 275.7046 0001036 103.0597 311.2911 14.21497707564504
1 38771U 12049A   23217.43908632  .00000180  00000-0  10214-3 0  9992
2 38771  98.6755 275.9828 0001041 103.1440 318.9243 14.21497859564542
1 38771U 12049A   23217.80038850  .00000185  00000-0  10450-3 0  9996
2 38771  98.6754 276.3379 0001043 103.2285   6.7206 14.21498053564590
1 38771U 12049A   23218.14207142  .00000200  00000-0  11127-3 0  9996
2 38771  98.6754 276.6738 0001043 103.4036 314.0845 14.21498313564647
1 38771U 12049A   23218.44871528  .00000171  00000-0  98002-4 0  9999
2 38771  98.6754 276.9752 0001048 103.5479  82.2704 14.21498243564687
1 38771U 12049A   23218.84664414  .00000163  00000-0  94585-4 0  9990
2 38771  98.6753 277.3663 0001047 103.7527 317.2743 14.21498387564747
1 38771U 12049A   23219.12220624  .00000161  00000-0  93361-4 0  9992
2 38771  98.6752 277.6371 0001046 103.9219 286.4686 14.21498503564781
1 38771U 12049A   23219.43379630  .00000160  00000-0  92980-4 0  9993
2 38771  98.6752 277.9434 0001048 104.0834  79.9358 14.21498627564824
1 38771U 12049A   23219.77263906  .00000164  00000-0  94865-4 0  9996
2 38771  98.6752 278.2764 0001047 104.2651  12.7674 14.21498819564876
1 38771U 12049A   23220.07147703  .00000171  00000-0  98105-4 0  9996
2 38771  98.6751 278.5701 0001049 104.4446 100.9965 14.21498991564914
1 38771U 12049A   23220.46572985  .00000182  00000-0  10313-3 0  9999
2 38771  98.6751 278.9576 0001056 104.6081 317.2417 14.21499264564978
1 38771U 12049A   23220.74955028  .00000167  00000-0  96134-4 0  9992
2 38771  98.6751 279.2366 0001059 104.6202 328.8310 14.21499315565010
1 38771U 12049A   23221.16205951  .00000176  00000-0  10034-3 0  9996
2 38771  98.6750 279.6420 0001061 104.7875 278.4454 14.21499534565072
1 38771U 12049A   23221.44122845  .00000159  00000-0  92465-4 0  9997
2 38771  98.6750 279.9164 0001068 104.7636 266.2804 14.21499532565119
1 38771U 12049A   23221.74139521  .00000139  00000-0  83475-4 0  9998
2 38771  98.6750 280.2114 0001073 104.7504   1.4988 14.21499579565156
1 38771U 12049A   23222.11211944  .00000144  00000-0  85552-4 0  9994
2 38771  98.6750 280.5758 0001073 104.9124  97.4092 14.21499745565205
1 38771U 12049A   23222.42661535  .00000133  00000-0  80778-4 0  9996
2 38771  98.6750 280.8849 0001079 104.9631 265.8507 14.21499808565255
1 38771U 12049A   23222.79495553  .00000122  00000-0  75789-4 0  9995
2 38771  98.6749 281.2469 0001079 104.8667 349.8262 14.21499891565303
1 38771U 12049A   23223.13373025  .00000123  00000-0  76231-4 0  9997
2 38771  98.6749 281.5799 0001078 105.0769 282.2826 14.21500029565354
1 38771U 12049A   23223.50328744  .00000129  00000-0  78760-4 0  9991
2 38771  98.6749 281.9431 0001081 105.1951  12.2683 14.21500166565409
1 38771U 12049A   23223.78334869  .00000131  00000-0  79785-4 0  9997
2 38771  98.6749 282.2183 0001080 105.2150   4.6245 14.21500268565444
1 38771U 12049A   23224.12420260  .00000136  00000-0  82234-4 0  9995
2 38771  98.6749 282.5533 0001082 105.4644 307.6762 14.21500410565492
1 38771U 12049A   23224.43384259  .00000138  00000-0  83069-4 0  9995
2 38771  98.6749 282.8576 0001088 105.5425  91.2552 14.21500529565535
1 38771U 12049A   23224.83548979  .00000147  00000-0  86921-4 0  9990
2 38771  98.6748 283.2524 0001093 105.6026 345.4245 14.21500723565591
1 38771U 12049A   23225.10526253  .00000146  00000-0  86417-4 0  9991
2 38771  98.6748 283.5175 0001089 105.9289 284.8542 14.21500824565638
1 38771U 12049A   23225.47576181  .00000138  00000-0  82733-4 0  9994
2 38771  98.6748 283.8816 0001096 106.0075  19.6987 14.21500932565688
1 38771U 12049A   23225.75431140  .00000132  00000-0  80206-4 0  9997
2 38771  98.6748 284.1554 0001097 105.9864   4.3653 14.21501024565725
1 38771U 12049A   23226.15911764  .00000146  00000-0  86440-4 0  9998
2 38771  98.6747 284.5532 0001095 106.2773 274.4615 14.21501236565784
1 38771U 12049A   23226.44839418  .00000141  00000-0  84447-4 0  9995
2 38771  98.6747 284.8375 0001102 106.2537 313.9939 14.21501316565821
1 38771U 12049A   23226.75011962  .00000147  00000-0  87085-4 0  9992
2 38771  98.6747 285.1340 0001104 106.3901  57.0366 14.21501451565869
1 38771U 12049A   23227.15237705  .00000154  00000-0  90211-4 0  9995
2 38771  98.6746 285.5294 0001107 106.5088 314.2697 14.21501636565928
1 38771U 12049A   23227.43410948  .00000160  00000-0  93030-4 0  9997
2 38771  98.6746 285.8062 0001113 106.4731 315.2301 14.21501757565966
1 38771U 12049A   23227.73246660  .00000160  00000-0  92777-4 0  9995
2 38771  98.6746 286.0994 0001114 106.4391  41.2162 14.21501853566000
1 38771U 12049A   23228.07810486  .00000162  00000-0  94086-4 0  9993
2 38771  98.6745 286.4391 0001116 106.5269   8.9009 14.21501991566059
1 38771U 12049A   23228.44282407  .00000158  00000-0  91861-4 0  9993
2 38771  98.6745 286.7976 0001122 106.4134  74.3768 14.21502094566108
1 38771U 12049A   23228.78788424  .00000161  00000-0  93336-4 0  9993
2 38771  98.6744 287.1366 0001126 106.3152  39.2912 14.21502252566150
1 38771U 12049A   23229.11736850  .00000172  00000-0  98319-4 0  9995
2 38771  98.6743 287.4604 0001128 106.5735 284.1863 14.21502446566205
1 38771U 12049A   23229.47621742  .00000166  00000-0  95586-4 0  9993
2 38771  98.6743 287.8131 0001138 106.4615 319.6376 14.21502553566258
1 38771U 12049A   23229.84234965  .00000161  00000-0  93663-4 0  9990
2 38771  98.6742 288.1729 0001142 106.5756  32.1137 14.21502693566309
1 38771U 12049A   23230.17985188  .00000158  00000-0  92037-4 0  9998
2 38771  98.6742 288.5046 0001144 106.6621 318.1887 14.21502810566354
1 38771U 12049A   23230.41578704  .00000160  00000-0  93004-4 0  9995
2 38771  98.6742 288.7364 0001148 106.5693  84.9766 14.21502912566381
1 38771U 12049A   23230.82924564  .00000149  00000-0  87854-4 0  9992
2 38771  98.6741 289.1428 0001155 106.4663  39.7222 14.21503063566440
1 38771U 12049A   23231.17078539  .00000152  00000-0  89249-4 0  9997
2 38771  98.6740 289.4784 0001152 106.5930 346.4077 14.21503231566490
1 38771U 12049A   23231.44672666  .00000153  00000-0  90002-4 0  9998
2 38771  98.6740 289.7495 0001154 106.7452 317.5631 14.21503345566531
1 38771U 12049A   23231.81459861  .00000153  00000-0  89722-4 0  9996
2 38771  98.6739 290.1111 0001154 106.7217  39.0756 14.21503485566583
1 38771U 12049A   23232.15472001  .00000162  00000-0  94041-4 0  9995
2 38771  98.6738 290.4453 0001156 106.6670 338.6890 14.21503678566635
1 38771U 12049A   23232.51188686  .00000155  00000-0  90877-4 0  9993
2 38771  98.6738 290.7963 0001159 106.6932   5.4009 14.21503780566688
1 38771U 12049A   23232.79289472  .00000150  00000-0  88608-4 0  9992
2 38771  98.6738 291.0724 0001160 106.7278   2.5875 14.21503875566722
1 38771U 12049A   23233.12929447  .00000148  00000-0  87658-4 0  9994
2 38771  98.6737 291.4030 0001160 106.7927 283.0472 14.21503998566776
1 38771U 12049A   23233.48768588  .00000160  00000-0  92954-4 0  9999
2 38771  98.6736 291.7551 0001166 106.8732 315.9683 14.21504181566827
1 38771U 12049A   23233.77828347  .00000153  00000-0  89628-4 0  9997
2 38771  98.6736 292.0407 0001164 106.7646   2.3454 14.21504274566862
1 38771U 12049A   23234.11491910  .00000150  00000-0  88396-4 0  9996
2 38771  98.6735 292.3715 0001170 106.9840 283.8576 14.21504426566917
1 38771U 12049A   23234.48328427  .00000152  00000-0  89506-4 0  9994
2 38771  98.6735 292.7334 0001177 106.8308   8.0239 14.21504589566961
1 38771U 12049A   23234.76249655  .00000153  00000-0  89919-4 0  9999
2 38771  98.6735 293.0078 0001181 106.7632 356.1300 14.21504722567005
1 38771U 12049A   23235.10028660  .00000149  00000-0  87884-4 0  9993
2 38771  98.6734 293.3397 0001182 107.1184 283.4110 14.21504829567053
1 38771U 12049A   23235.45908885  .00000140  00000-0  83662-4 0  9998
2 38771  98.6734 293.6923 0001193 107.1058 318.5273 14.21504931567103
1 38771U 12049A   23236.80518791  .00000138  00000-0  82759-4 0  9994
2 38771  98.6733 295.0150 0001199 106.6955   3.5990 14.21505442567291
1 38771U 12049A   23236.92052083  .00000141  00000-0  84489-4 0  9990
2 38771  98.6732 295.1283 0001202 106.8050 233.3633 14.21505495567319
1 38771U 12049A   23237.14785868  .00000135  00000-0  81546-4 0  9993
2 38771  98.6732 295.3517 0001204 106.9241 315.9702 14.21505567567343
1 38771U 12049A   23237.44192524  .00000128  00000-0  78570-4 0  9992
2 38771  98.6732 295.6406 0001203 106.8295  20.0768 14.21505614567383
1 38771U 12049A   23237.58637325  .00000129  00000-0  78881-4 0  9996
2 38771  98.6732 295.7826 0001201 106.7845  38.9052 14.21505657567413
1 38771U 12049A   23237.72011789  .00000126  00000-0  77638-4 0  9998
2 38771  98.6732 295.9140 0001204 106.8315   2.8992 14.21505697567428
1 38771U 12049A   23237.93290602  .00000147  00000-0  87063-4 0  9990
2 38771  98.6731 296.1231 0001212 106.8889  11.1532 14.21505830567462
1 38771U 12049A   23238.07313843  .00000145  00000-0  86220-4 0  9991
2 38771  98.6731 296.2609 0001213 106.8945   8.3705 14.21505884567476
1 38771U 12049A   23238.43892361  .00000137  00000-0  82614-4 0  9992
2 38771  98.6731 296.6203 0001221 106.7867  79.2977 14.21505981567523
1 38771U 12049A   23238.56420589  .00000134  00000-0  81250-4 0  9997
2 38771  98.6731 296.7434 0001221 106.7104   0.1340 14.21506028567557
1 38771U 12049A   23238.78271647  .00000131  00000-0  79867-4 0  9998
2 38771  98.6730 296.9581 0001222 106.5668  37.8568 14.21506084567578
1 38771U 12049A   23238.91713145  .00000133  00000-0  80848-4 0  9990
2 38771  98.6730 297.0901 0001226 106.5867   5.3064 14.21506122567609
1 38771U 12049A   23239.11245513  .00000132  00000-0  79960-4 0  9994
2 38771  98.6730 297.2820 0001229 106.6614 284.2208 14.21506199567629
1 38771U 12049A   23239.40046477  .00000142  00000-0  84883-4 0  9995
2 38771  98.6730 297.5650 0001236 106.5554 317.3614 14.21506346567671
1 38771U 12049A   23239.40046477  .00000142  00000-0  84883-4 0  9995
2 38771  98.6730 297.5650 0001236 106.5554 317.3614 14.21506346567660
1 38771U 12049A   23239.76414149  .00000127  00000-0  77752-4 0  9999
2 38771  98.6729 297.9223 0001235 106.3429  17.6100 14.21506420567715
1 38771U 12049A   23239.90126052  .00000132  00000-0  80260-4 0  9992
2 38771  98.6729 298.0571 0001237 106.3764 358.8763 14.21506457567745
1 38771U 12049A   23240.09777729  .00000136  00000-0  82060-4 0  9991
2 38771  98.6729 298.2502 0001237 106.4047 283.9394 14.21506554567764
1 38771U 12049A   23240.44190845  .00000132  00000-0  80279-4 0  9994
2 38771  98.6729 298.5883 0001244 106.1802 244.2340 14.21506660567818
1 38771U 12049A   23240.74418852  .00000125  00000-0  77167-4 0  9992
2 38771  98.6728 298.8853 0001246 106.1181 350.3175 14.21506744567851
1 38771U 12049A   23240.89997368  .00000127  00000-0  77687-4 0  9991
2 38771  98.6728 299.0384 0001245 106.1167  67.0875 14.21506798567887
1 38771U 12049A   23241.08160028  .00000133  00000-0  80721-4 0  9998
2 38771  98.6728 299.2168 0001246 106.1435 275.9962 14.21506894567905
1 38771U 12049A   23241.44132272  .00000134  00000-0  81007-4 0  9997
2 38771  98.6728 299.5703 0001251 105.9272 316.0250 14.21507001567958
1 38771U 12049A   23241.74280554  .00000134  00000-0  81111-4 0  9993
2 38771  98.6727 299.8665 0001249 105.8588  58.0376 14.21507114567994
1 38771U 12049A   23241.91770833  .00000134  00000-0  81284-4 0  9997
2 38771  98.6727 300.0383 0001245 105.8728 232.5702 14.21507167568023
1 38771U 12049A   23242.14975900  .00000141  00000-0  84138-4 0  9994
2 38771  98.6726 300.2663 0001248 105.9149 339.3595 14.21507284568055
1 38771U 12049A   23242.42677264  .00000141  00000-0  84214-4 0  9992
2 38771  98.6726 300.5385 0001254 105.8502 316.2203 14.21507361568098
1 38771U 12049A   23242.71698569  .00000139  00000-0  83566-4 0  9991
2 38771  98.6726 300.8236 0001257 105.7830   0.5924 14.21507460568130
1 38771U 12049A   23242.90578705  .00000140  00000-0  84018-4 0  9996
2 38771  98.6725 301.0091 0001259 105.7586 246.2484 14.21507515568165
1 38771U 12049A   23243.13509128  .00000144  00000-0  85604-4 0  9991
2 38771  98.6725 301.2344 0001260 105.7799 339.0119 14.21507617568198
1 38771U 12049A   23243.48289684  .00000144  00000-0  85647-4 0  9998
2 38771  98.6725 301.5761 0001265 105.6796 317.9765 14.21507734568243
1 38771U 12049A   23243.77181934  .00000144  00000-0  85491-4 0  9996
2 38771  98.6724 301.8600 0001268 105.6080 355.7531 14.21507855568285
1 38771U 12049A   23243.84861558  .00000138  00000-0  83147-4 0  9990
2 38771  98.6724 301.9354 0001269 105.6249  28.5134 14.21507846568307
1 38771U 12049A   23244.10945687  .00000144  00000-0  85584-4 0  9990
2 38771  98.6723 302.1917 0001272 105.7104 282.5106 14.21507967568337
1 38771U 12049A   23244.46796365  .00000150  00000-0  88567-4 0  9997
2 38771  98.6723 302.5439 0001279 105.4923 316.3252 14.21508148568388
1 38771U 12049A   23244.55061101  .00000150  00000-0  88331-4 0  9999
2 38771  98.6723 302.6251 0001281 105.4568  19.0638 14.21508187568400
1 38771U 12049A   23244.83585074  .00000150  00000-0  88206-4 0  9991
2 38771  98.6722 302.9054 0001281 105.5085  37.8819 14.21508296568431
1 38771U 12049A   23244.91223135  .00000149  00000-0  87826-4 0  9992
2 38771  98.6722 302.9804 0001282 105.5932  68.4488 14.21508317568454
1 38771U 12049A   23245.09525656  .00000153  00000-0  89548-4 0  9993
2 38771  98.6722 303.1602 0001285 105.7156 284.4161 14.21508415568475
1 38771U 12049A   23245.44342110  .00000156  00000-0  91291-4 0  9995
2 38771  98.6721 303.5022 0001288 105.4794 265.3536 14.21508571568525
1 38771U 12049A   23245.53781918  .00000155  00000-0  90575-4 0  9991
2 38771  98.6721 303.5950 0001290 105.3845  28.2512 14.21508601568540
1 38771U 12049A   23245.74174556  .00000150  00000-0  88605-4 0  9994
2 38771  98.6721 303.7953 0001290 105.3023 351.3231 14.21508673568562
1 38771U 12049A   23245.96814221  .00000205  00000-0  11339-3 0  9998
2 38771  98.6720 304.0178 0001292 105.2876  69.2545 14.21509145568604
1 38771U 12049A   23246.08136059  .00000153  00000-0  89548-4 0  9998
2 38771  98.6720 304.1290 0001291 105.2977 288.3031 14.21508831568617
1 38771U 12049A   23246.46548611  .00000186  00000-0  10485-3 0  9990
2 38771  98.6720 304.5064 0001296 105.1436  93.0833 14.21509159568664
1 38771U 12049A   23246.58868347  .00000175  00000-0  99655-4 0  9999
2 38771  98.6719 304.6274 0001297 105.1294   3.1955 14.21509154568694
1 38771U 12049A   23246.80017443  .00000173  00000-0  98833-4 0  9992
2 38771  98.6719 304.8352 0001298 105.0396   4.9647 14.21509227568717
1 38771U 12049A   23247.13626715  .00000163  00000-0  94468-4 0  9996
2 38771  98.6718 305.1654 0001299 104.9872 283.9776 14.21509312568765
1 38771U 12049A   23247.43054175  .00000166  00000-0  95645-4 0  9995
2 38771  98.6717 305.4545 0001303 104.9234 349.1212 14.21509414568802
1 38771U 12049A   23247.50554133  .00000151  00000-0  88837-4 0  9991
2 38771  98.6717 305.5282 0001303 104.8987  12.7344 14.21509356568821
1 38771U 12049A   23247.79246661  .00000145  00000-0  86212-4 0  9994
2 38771  98.6717 305.8100 0001304 104.8223  40.3025 14.21509448568855
1 38771U 12049A   23248.13260035  .00000147  00000-0  87168-4 0  9997
2 38771  98.6716 306.1442 0001298 104.8991 339.8544 14.21509579568904
1 38771U 12049A   23248.49252838  .00000128  00000-0  78338-4 0  9996
2 38771  98.6716 306.4978 0001302 104.6719  20.9494 14.21509635568953
1 38771U 12049A   23248.56518253  .00000127  00000-0  77792-4 0  9992
2 38771  98.6716 306.5692 0001302 104.6598  32.5544 14.21509666568973
1 38771U 12049A   23248.84579473  .00000133  00000-0  80677-4 0  9997
2 38771  98.6715 306.8448 0001305 104.5923  27.8258 14.21509818569001
1 38771U 12049A   23249.10748722  .00000128  00000-0  78199-4 0  9992
2 38771  98.6714 307.1019 0001304 104.7356 286.1204 14.21509913569040
1 38771U 12049A   23249.46550069  .00000141  00000-0  84431-4 0  9997
2 38771  98.6714 307.4536 0001310 104.5849 317.3471 14.21510115569093
1 38771U 12049A   23249.54491347  .00000139  00000-0  83547-4 0  9993
2 38771  98.6714 307.5316 0001311 104.5133   3.5789 14.21510131569114
1 38771U 12049A   23249.76539188  .00000136  00000-0  81946-4 0  9991
2 38771  98.6714 307.7482 0001311 104.4951  51.2440 14.21510207569137
1 38771U 12049A   23249.90984094  .00000151  00000-0  88634-4 0  9995
2 38771  98.6713 307.8901 0001312 104.4186  70.1121 14.21510326569165
1 38771U 12049A   23250.09272300  .00000146  00000-0  86524-4 0  9997
2 38771  98.6713 308.0698 0001316 104.4638 285.4256 14.21510393569183
1 38771U 12049A   23250.45066154  .00000143  00000-0  85294-4 0  9995
2 38771  98.6713 308.4214 0001321 104.1946 316.3881 14.21510507569237
1 38771U 12049A   23250.61200660  .00000129  00000-0  78861-4 0  9991
2 38771  98.6713 308.5799 0001318 104.1732  61.6161 14.21510494569264
1 38771U 12049A   23250.75229596  .00000129  00000-0  79023-4 0  9996
2 38771  98.6712 308.7177 0001320 104.1086  59.1972 14.21510546569271
1 38771U 12049A   23250.92865741  .00000144  00000-0  85882-4 0  9990
2 38771  98.6712 308.8910 0001322 104.0331 241.2819 14.21510678569305
1 38771U 12049A   23251.15331821  .00000150  00000-0  88353-4 0  9996
2 38771  98.6712 309.1117 0001320 104.0800 310.2734 14.21510798569336
1 38771U 12049A   23251.46020833  .00000137  00000-0  82353-4 0  9997
2 38771  98.6712 309.4131 0001324 103.9009  80.0563 14.21510807569375
1 38771U 12049A   23251.58573008  .00000129  00000-0  78966-4 0  9993
2 38771  98.6712 309.5364 0001325 103.8433   2.1007 14.21510810569401
1 38771U 12049A   23251.79770649  .00000119  00000-0  74424-4 0  9990
2 38771  98.6711 309.7447 0001323 103.7263   6.3811 14.21510828569422
1 38771U 12049A   23251.86834899  .00000134  00000-0  81102-4 0  9994
2 38771  98.6711 309.8141 0001323 103.8425   7.5696 14.21510923569447
1 38771U 12049A   23252.13873977  .00000145  00000-0  86312-4 0  9995
2 38771  98.6711 310.0797 0001317 103.9009 310.4381 14.21511071569475
1 38771U 12049A   23252.44349538  .00000126  00000-0  77452-4 0  9994
2 38771  98.6711 310.3790 0001324 103.5879  69.4383 14.21511056569511
1 38771U 12049A   23252.57721060  .00000143  00000-0  85122-4 0  9994
2 38771  98.6711 310.5104 0001326 103.4669  33.4524 14.21511190569540
1 38771U 12049A   23252.78272657  .00000143  00000-0  84998-4 0  9990
2 38771  98.6710 310.7123 0001326 103.3954   4.6455 14.21511252569562
1 38771U 12049A   23253.12401594  .00000154  00000-0  90147-4 0  9998
2 38771  98.6710 311.0475 0001325 103.4754 310.1071 14.21511442569610
1 38771U 12049A   23253.47780278  .00000144  00000-0  85529-4 0  9992
2 38771  98.6710 311.3950 0001335 103.1257 319.9168 14.21511482569660
1 38771U 12049A   23253.63636255  .00000149  00000-0  87838-4 0  9995
2 38771  98.6710 311.5508 0001335 103.0676  50.9368 14.21511573569693
1 38771U 12049A   23253.76811580  .00000145  00000-0  85994-4 0  9992
2 38771  98.6710 311.6802 0001335 103.0300   4.8330 14.21511595569708
1 38771U 12049A   23254.10498458  .00000163  00000-0  94490-4 0  9997
2 38771  98.6709 312.0111 0001336 103.2073 287.5885 14.21511795569756
1 38771U 12049A   23254.45289079  .00000160  00000-0  92982-4 0  9993
2 38771  98.6709 312.3529 0001342 102.8563 267.3233 14.21511892569805
1 38771U 12049A   23254.61519649  .00000153  00000-0  89775-4 0  9998
2 38771  98.6709 312.5123 0001340 102.7210  17.5795 14.21511955569834
1 38771U 12049A   23254.75381128  .00000144  00000-0  85809-4 0  9996
2 38771  98.6709 312.6485 0001336 102.7377   6.5153 14.21511968569846
1 38771U 12049A   23255.09610904  .00000165  00000-0  95316-4 0  9998
2 38771  98.6708 312.9847 0001339 102.6576 317.2953 14.21512184569899
1 38771U 12049A   23255.44874056  .00000179  00000-0  10167-3 0  9992
2 38771  98.6708 313.3311 0001338 102.5473 320.9581 14.21512359569942
1 38771U 12049A   23255.60832262  .00000175  00000-0  99858-4 0  9994
2 38771  98.6708 313.4879 0001332 102.5770  57.1193 14.21512417569972
1 38771U 12049A   23255.73935848  .00000170  00000-0  97563-4 0  9998
2 38771  98.6707 313.6166 0001329 102.5279   7.3582 14.21512445569983
1 38771U 12049A   23255.95383396  .00000226  00000-0  12321-3 0  9997
2 38771  98.6707 313.8272 0001341 102.5122  24.3214 14.21512835570025
1 38771U 12049A   23256.08129955  .00000223  00000-0  12185-3 0  9996
2 38771  98.6706 313.9525 0001341 102.4729 316.2906 14.21512895570036
1 38771U 12049A   23256.43409934  .00000238  00000-0  12874-3 0  9994
2 38771  98.6706 314.2990 0001346 102.3049 320.8726 14.21513132570086
1 38771U 12049A   23256.58243720  .00000226  00000-0  12306-3 0  9996
2 38771  98.6706 314.4447 0001348 102.2310 359.6286 14.21513125570114
1 38771U 12049A   23256.79521057  .00000220  00000-0  12035-3 0  9994
2 38771  98.6705 314.6537 0001346 102.1770   7.9238 14.21513184570139
1 38771U 12049A   23256.93828910  .00000226  00000-0  12323-3 0  9994
2 38771  98.6705 314.7942 0001352 102.1111  19.7729 14.21513250570169
1 38771U 12049A   23257.13614299  .00000227  00000-0  12374-3 0  9997
2 38771  98.6704 314.9886 0001351 102.0551 311.7639 14.21513369570181
1 38771U 12049A   23257.41943498  .00000226  00000-0  12296-3 0  9996
2 38771  98.6704 315.2668 0001356 101.9147 320.8172 14.21513488570227
1 38771U 12049A   23257.49985242  .00000228  00000-0  12416-3 0  9993
2 38771  98.6704 315.3458 0001356 101.8525  12.1788 14.21513530570248
1 38771U 12049A   23257.78026605  .00000225  00000-0  12243-3 0  9999
2 38771  98.6703 315.6212 0001354 101.7020   6.5210 14.21513653570271
1 38771U 12049A   23257.85383390  .00000198  00000-0  11020-3 0  9995
2 38771  98.6703 315.6935 0001356 101.6937  22.7962 14.21513533570294
1 38771U 12049A   23258.19446670  .00000232  00000-0  12576-3 0  9990
2 38771  98.6702 316.0281 0001352 101.3378 325.3383 14.21513858570338
1 38771U 12049A   23258.46318524  .00000227  00000-0  12338-3 0  9996
2 38771  98.6702 316.2920 0001360 101.2100 259.8429 14.21513977570379
1 38771U 12049A   23258.63398932  .00000199  00000-0  11073-3 0  9999
2 38771  98.6701 316.4598 0001358 101.1633  53.4769 14.21513920570405
1 38771U 12049A   23258.76604514  .00000190  00000-0  10653-3 0  9993
2 38771  98.6701 316.5895 0001354 101.0729   8.9745 14.21513945570414
1 38771U 12049A   23259.10760071  .00000188  00000-0  10566-3 0  9993
2 38771  98.6700 316.9250 0001350 101.0138 315.9403 14.21514118570462
1 38771U 12049A   23259.40322777  .00000206  00000-0  11403-3 0  9995
2 38771  98.6700 317.2153 0001347 100.9644  27.9923 14.21514361570506
1 38771U 12049A   23259.54419994  .00000195  00000-0  10900-3 0  9996
2 38771  98.6699 317.3538 0001347 100.9189  29.0482 14.21514363570533
1 38771U 12049A   23259.75135441  .00000188  00000-0  10592-3 0  9990
2 38771  98.6699 317.5573 0001344 100.8143   8.6570 14.21514447570556
1 38771U 12049A   23260.09302914  .00000205  00000-0  11363-3 0  9997
2 38771  98.6698 317.8928 0001349 100.6089 316.3792 14.21514715570603
1 38771U 12049A   23260.52467311  .00000219  00000-0  12013-3 0  9996
2 38771  98.6697 318.3168 0001358 100.2856   4.3728 14.21515049570673
1 38771U 12049A   23260.80745413  .00000210  00000-0  11595-3 0  9994
2 38771  98.6697 318.5945 0001353 100.1634  10.7964 14.21515158570704
1 38771U 12049A   23261.07902753  .00000216  00000-0  11875-3 0  9993
2 38771  98.6696 318.8613 0001354 100.0334 319.9056 14.21515308570742
1 38771U 12049A   23261.36274604  .00000192  00000-0  10763-3 0  9990
2 38771  98.6695 319.1399 0001356  99.9299 331.1049 14.21515279570783
1 38771U 12049A   23261.58086178  .00000187  00000-0  10528-3 0  9994
2 38771  98.6695 319.3541 0001359  99.9276   6.6742 14.21515369570821
1 38771U 12049A   23261.72270446  .00000177  00000-0  10069-3 0  9992
2 38771  98.6695 319.4935 0001357  99.8312  12.2341 14.21515396570836
1 38771U 12049A   23261.86508962  .00000196  00000-0  10951-3 0  9995
2 38771  98.6694 319.6333 0001361  99.7135  20.5901 14.21515543570867
1 38771U 12049A   23262.13366649  .00000215  00000-0  11821-3 0  9999
2 38771  98.6693 319.8971 0001362  99.4960 314.4619 14.21515773570899
1 38771U 12049A   23262.48749145  .00000223  00000-0  12163-3 0  9992
2 38771  98.6693 320.2445 0001363  99.4197 324.1998 14.21516000570942
1 38771U 12049A   23262.77806997  .00000215  00000-0  11817-3 0  9999
2 38771  98.6692 320.5299 0001360  99.2420  10.5610 14.21516138570988
1 38771U 12049A   23263.12033197  .00000237  00000-0  12807-3 0  9997
2 38771  98.6692 320.8661 0001358  99.0901 321.2356 14.21516439571033
1 38771U 12049A   23263.39222104  .00000240  00000-0  12941-3 0  9997
2 38771  98.6691 321.1331 0001366  98.9864 271.9342 14.21516599571072
1 38771U 12049A   23263.62408597  .00000227  00000-0  12334-3 0  9996
2 38771  98.6691 321.3608 0001365  98.8741  17.9356 14.21516677571118
1 38771U 12049A   23263.77109222  .00000225  00000-0  12278-3 0  9990
2 38771  98.6686 321.5058 0001323  92.1502  56.5137 14.21496818571120
1 38771U 12049A   23263.89991201  .00000218  00000-0  11935-3 0  9990
2 38771  98.6688 321.6319 0001295  96.7418 350.7722 14.21497693571151
1 38771U 12049A   23264.10489685  .00003963  00000-0  18298-2 0  9991
2 38771  98.6682 321.8334 0001309  96.8552 319.0514 14.21498278571179
1 38771U 12049A   23264.45772289  .00004120  00000-0  19016-2 0  9999
2 38771  98.6684 322.1797 0001286  95.0487 325.3877 14.21500268571221
1 38771U 12049A   23264.61739038  .00003740  00000-0  17280-2 0  9990
2 38771  98.6683 322.3365 0001282  94.6929  62.3631 14.21500608571252
1 38771U 12049A   23264.74904160  .00003697  00000-0  17088-2 0  9991
2 38771  98.6700 322.4646 0001231 101.4061   8.9777 14.21493457571264
1 38771U 12049A   23264.93643519  .00000184  00000-0  10416-3 0  9997
2 38771  98.6683 322.6497 0001306  96.8991 251.9109 14.21497394571298
1 38771U 12049A   23265.15479535  .00000186  00000-0  10475-3 0  9994
2 38771  98.6688 322.8641 0001272  96.7037 288.9096 14.21497485571328
1 38771U 12049A   23265.46914352  .00000187  00000-0  10530-3 0  9992
2 38771  98.6688 323.1728 0001277  96.3867  96.9601 14.21497649571365
1 38771U 12049A   23265.59659884  .00000193  00000-0  10824-3 0  9995
2 38771  98.6687 323.2980 0001278  96.3041  28.9132 14.21497743571392
1 38771U 12049A   23265.73435660  .00000136  00000-0  82088-4 0  9994
2 38771  98.6687 323.4333 0001263  96.0434  13.7359 14.21497674571401
1 38771U 12049A   23265.87534911  .00000217  00000-0  11899-3 0  9999
2 38771  98.6687 323.5717 0001275  96.2428  14.6433 14.21497933571430
1 38771U 12049A   23266.14582073  .00000215  00000-0  11801-3 0  9993
2 38771  98.6686 323.8373 0001269  96.2250 317.9887 14.21498081571466
1 38771U 12049A   23266.50914591  .00000186  00000-0  10503-3 0  9992
2 38771  98.6686 324.1941 0001270  96.0620  16.3788 14.21498125571517
1 38771U 12049A   23266.79019382  .00000180  00000-0  10233-3 0  9991
2 38771  98.6686 324.4701 0001266  95.9147  13.9463 14.21498233571558
1 38771U 12049A   23267.12653722  .00000199  00000-0  11097-3 0  9990
2 38771  98.6685 324.8003 0001266  95.9451 294.1457 14.21498481571601
1 38771U 12049A   23267.43722222  .00000206  00000-0  11412-3 0  9996
2 38771  98.6685 325.1054 0001265  95.8149  83.2755 14.21498647571649
1 38771U 12049A   23267.56355863  .00000209  00000-0  11558-3 0  9997
2 38771  98.6685 325.2295 0001265  95.7495   9.4889 14.21498743571678
1 38771U 12049A   23267.77521709  .00000198  00000-0  11055-3 0  9993
2 38771  98.6684 325.4373 0001262  95.6637  12.1028 14.21498800571692
1 38771U 12049A   23267.91678424  .00000203  00000-0  11270-3 0  9992
2 38771  98.6684 325.5763 0001260  95.6656  16.1469 14.21498882571722
1 38771U 12049A   23268.11842549  .00000206  00000-0  11387-3 0  9998
2 38771  98.6684 325.7743 0001256  95.5715 327.5362 14.21499005571743
1 38771U 12049A   23268.38975116  .00000273  00000-0  14471-3 0  9995
2 38771  98.6684 326.0408 0001262  95.4614 275.3449 14.21499628571780
1 38771U 12049A   23268.62188738  .00000237  00000-0  12838-3 0  9993
2 38771  98.6683 326.2687 0001260  95.2512  22.8161 14.21499491571822
1 38771U 12049A   23268.76116464  .00000238  00000-0  12844-3 0  9993
2 38771  98.6683 326.4055 0001261  95.2548  15.1470 14.21499568571837
1 38771U 12049A   23268.90093097  .00000248  00000-0  13318-3 0  9993
2 38771  98.6683 326.5427 0001263  95.4014   9.8366 14.21499678571862
1 38771U 12049A   23269.09745064  .00000246  00000-0  13236-3 0  9999
2 38771  98.6682 326.7357 0001262  95.4440 294.8954 14.21499797571880
1 38771U 12049A   23269.45570806  .00000238  00000-0  12865-3 0  9997
2 38771  98.6682 327.0875 0001260  95.1964 327.4531 14.21499938571932
1 38771U 12049A   23269.61468878  .00000254  00000-0  13589-3 0  9992
2 38771  98.6682 327.2436 0001260  95.0882  60.6703 14.21500163571968
1 38771U 12049A   23269.74625497  .00000256  00000-0  13671-3 0  9992
2 38771  98.6682 327.3727 0001263  95.0612  13.5939 14.21500248571979
1 38771U 12049A   23269.87663822  .00000268  00000-0  14212-3 0  9995
2 38771  98.6681 327.5007 0001270  95.0802 320.4217 14.21500376572006
1 38771U 12049A   23270.08127602  .00000271  00000-0  14362-3 0  9991
2 38771  98.6681 327.7017 0001268  95.0377 287.0864 14.21500510572021
1 38771U 12049A   23270.43108921  .00000260  00000-0  13854-3 0  9996
2 38771  98.6680 328.0452 0001274  94.7971 276.4500 14.21500648572076
1 38771U 12049A   23270.52606275  .00000258  00000-0  13762-3 0  9996
2 38771  98.6680 328.1384 0001267  94.6703  42.3197 14.21500672572096
1 38771U 12049A   23270.80276385  .00000250  00000-0  13402-3 0  9995
2 38771  98.6680 328.4101 0001264  94.5352  17.6458 14.21500810572125
1 38771U 12049A   23271.13835597  .00000251  00000-0  13454-3 0  9996
2 38771  98.6679 328.7396 0001255  94.5343 294.0370 14.21501017572171
1 38771U 12049A   23271.50685910  .00000244  00000-0  13113-3 0  9993
2 38771  98.6679 329.1014 0001257  94.4753  18.8097 14.21501186572220
1 38771U 12049A   23271.64802860  .00000241  00000-0  13020-3 0  9997
2 38771  98.6679 329.2401 0001255  94.4205  20.8778 14.21501266572252
1 38771U 12049A   23271.71742736  .00000238  00000-0  12872-3 0  9990
2 38771  98.6678 329.3082 0001253  94.3561  15.8831 14.21501289572258
1 38771U 12049A   23271.92966644  .00000232  00000-0  12605-3 0  9997
2 38771  98.6678 329.5166 0001250  94.2652  21.4737 14.21501365572297
1 38771U 12049A   23272.12412681  .00000231  00000-0  12542-3 0  9996
2 38771  98.6677 329.7075 0001244  94.2705 296.0388 14.21501488572310
1 38771U 12049A   23272.49463993  .00000233  00000-0  12644-3 0  9993
2 38771  98.6677 330.0713 0001247  94.0746  31.2297 14.21501726572368
1 38771U 12049A   23272.63363718  .00000232  00000-0  12607-3 0  9991
2 38771  98.6677 330.2078 0001245  94.0124  22.1955 14.21501817572396
1 38771U 12049A   23272.77286477  .00000223  00000-0  12157-3 0  9992
2 38771  98.6676 330.3445 0001245  93.9979  14.2917 14.21501863572403
1 38771U 12049A   23273.18699779  .00000232  00000-0  12590-3 0  9992
2 38771  98.6675 330.7511 0001241  94.0503 332.3295 14.21502136572464
1 38771U 12049A   23273.26012917  .00000230  00000-0  12476-3 0  9995
2 38771  98.6675 330.8229 0001241  94.0502 346.3612 14.21502168572485
1 38771U 12049A   23273.45837113  .00000223  00000-0  12177-3 0  9999
2 38771  98.6675 331.0176 0001244  93.9558 280.3675 14.21502263572506
1 38771U 12049A   23273.75842772  .00000199  00000-0  11089-3 0  9992
2 38771  98.6674 331.3122 0001242  93.8855  15.0825 14.21502355572542
1 38771U 12049A   23274.17780128  .00000258  00000-0  13784-3 0  9995
2 38771  98.6673 331.7239 0001236  93.6559   0.2069 14.21502931572609
1 38771U 12049A   23274.44305802  .00000256  00000-0  13692-3 0  9993
2 38771  98.6673 331.9844 0001238  93.5034 277.0203 14.21503096572643
1 38771U 12049A   23274.61267442  .00000242  00000-0  13043-3 0  9994
2 38771  98.6673 332.1509 0001238  93.3696  64.6603 14.21503126572677
1 38771U 12049A   23274.81512988  .00000241  00000-0  13015-3 0  9992
2 38771  98.6672 332.3497 0001237  93.2314  20.2613 14.21503242572699
1 38771U 12049A   23274.96764896  .00000253  00000-0  13531-3 0  9991
2 38771  98.6672 332.4994 0001233  93.2954  80.2595 14.21503383572723
1 38771U 12049A   23275.14988611  .00000249  00000-0  13368-3 0  9998
2 38771  98.6672 332.6783 0001232  93.2279 292.3829 14.21503499572746
1 38771U 12049A   23275.43003087  .00000261  00000-0  13893-3 0  9992
2 38771  98.6671 332.9534 0001232  93.1780 285.2393 14.21503719572784
1 38771U 12049A   23275.79979846  .00000245  00000-0  13176-3 0  9992
2 38771  98.6670 333.3165 0001222  93.0801  16.5218 14.21503869572844
1 38771U 12049A   23275.79979846  .00000245  00000-0  13176-3 0  9992
2 38771  98.6670 333.3165 0001222  93.0801  16.5218 14.21503869572833
1 38771U 12049A   23276.13596296  .00000249  00000-0  13356-3 0  9999
2 38771  98.6669 333.6465 0001223  93.1883 295.7351 14.21504114572887
1 38771U 12049A   23276.50523747  .00000231  00000-0  12538-3 0  9993
2 38771  98.6669 334.0090 0001231  93.2009  24.3854 14.21504240572936
1 38771U 12049A   23276.57347890  .00000229  00000-0  12439-3 0  9990
2 38771  98.6668 334.0760 0001231  93.1800  13.4288 14.21504280572953
1 38771U 12049A   23276.85777122  .00000228  00000-0  12423-3 0  9998
2 38771  98.6668 334.3551 0001227  92.9996  27.6294 14.21504454572982
1 38771U 12049A   23276.92704021  .00000230  00000-0  12474-3 0  9993
2 38771  98.6668 334.4232 0001227  92.9956  21.9114 14.21504495573002
1 38771U 12049A   23277.19265008  .00000250  00000-0  13425-3 0  9999
2 38771  98.6667 334.6839 0001224  93.0741 300.3016 14.21504774573035
1 38771U 12049A   23277.47985024  .00000254  00000-0  13599-3 0  9993
2 38771  98.6667 334.9659 0001226  93.0402 329.2284 14.21504938573077
1 38771U 12049A   23277.63118927  .00000264  00000-0  14051-3 0  9996
2 38771  98.6666 335.1145 0001226  93.0220  23.2743 14.21505111573106
1 38771U 12049A   23277.77042022  .00000262  00000-0  13943-3 0  9990
2 38771  98.6666 335.2512 0001226  92.9861  15.4107 14.21505178573115
1 38771U 12049A   23277.92538462  .00000262  00000-0  13957-3 0  9990
2 38771  98.6666 335.4033 0001223  92.9815  87.9849 14.21505260573143
1 38771U 12049A   23278.11264578  .00000265  00000-0  14088-3 0  9995
2 38771  98.6665 335.5871 0001222  93.0175 325.7015 14.21505408573167
1 38771U 12049A   23278.46602153  .00000301  00000-0  15718-3 0  9990
2 38771  98.6665 335.9341 0001222  92.9481 333.1216 14.21505840573213
1 38771U 12049A   23278.62438509  .00000293  00000-0  15374-3 0  9998
2 38771  98.6665 336.0895 0001222  92.8956  63.1295 14.21505932573247
1 38771U 12049A   23278.62438509  .00000293  00000-0  15374-3 0  9998
2 38771  98.6665 336.0895 0001222  92.8956  63.1295 14.21505932573236
1 38771U 12049A   23278.97103101  .00000284  00000-0  14981-3 0  9996
2 38771  98.6664 336.4299 0001219  92.7732  36.1829 14.21506101573292
1 38771U 12049A   23279.10372718  .00000284  00000-0  14954-3 0  9994
2 38771  98.6664 336.5601 0001216  92.7351 354.8996 14.21506200573301
1 38771U 12049A   23279.45074257  .00000311  00000-0  16179-3 0  9991
2 38771  98.6664 336.9008 0001219  92.6852 329.7705 14.21506566573353
1 38771U 12049A   23279.60334797  .00000303  00000-0  15838-3 0  9998
2 38771  98.6664 337.0506 0001216  92.6596  30.3017 14.21506659573387
1 38771U 12049A   23279.74125344  .00000303  00000-0  15825-3 0  9995
2 38771  98.6664 337.1860 0001216  92.5775  15.7059 14.21506754573399
1 38771U 12049A   23279.96509836  .00000305  00000-0  15918-3 0  9996
2 38771  98.6663 337.4058 0001213  92.5733  80.5723 14.21506883573437
1 38771U 12049A   23280.08380021  .00000301  00000-0  15723-3 0  9994
2 38771  98.6663 337.5223 0001209  92.5532 327.6971 14.21506967573448
1 38771U 12049A   23280.43588260  .00000285  00000-0  14989-3 0  9992
2 38771  98.6663 337.8679 0001211  92.3976 328.5896 14.21507082573499
1 38771U 12049A   23280.52150111  .00000292  00000-0  15337-3 0  9998
2 38771  98.6663 337.9520 0001211  92.3512  46.5347 14.21507174573514
1 38771U 12049A   23280.79776628  .00000283  00000-0  14930-3 0  9992
2 38771  98.6662 338.2232 0001204  92.1976  19.6562 14.21507323573540
1 38771U 12049A   23280.95043052  .00000286  00000-0  15045-3 0  9999
2 38771  98.6662 338.3731 0001207  92.3672  80.2933 14.21507434573575
1 38771U 12049A   23281.13838150  .00000284  00000-0  14970-3 0  9995
2 38771  98.6662 338.5576 0001203  92.3070 321.6356 14.21507564573599
1 38771U 12049A   23281.44384260  .00000295  00000-0  15453-3 0  9996
2 38771  98.6662 338.8574 0001202  92.1668  84.0676 14.21507798573639
1 38771U 12049A   23281.65227934  .00000298  00000-0  15579-3 0  9995
2 38771  98.6661 339.0621 0001200  92.1597  70.1321 14.21507975573677
1 38771U 12049A   23281.78272125  .00000300  00000-0  15712-3 0  9994
2 38771  98.6661 339.1901 0001200  92.1252  17.3167 14.21508064573689
1 38771U 12049A   23281.85568390  .00000303  00000-0  15834-3 0  9992
2 38771  98.6661 339.2617 0001199  92.1511  30.4611 14.21508118573702
1 38771U 12049A   23282.12369625  .00000307  00000-0  16006-3 0  9999
2 38771  98.6660 339.5248 0001195  92.2259 321.1459 14.21508328573736
1 38771U 12049A   23282.39682309  .00000307  00000-0  16017-3 0  9997
2 38771  98.6660 339.7930 0001197  92.2702 278.0193 14.21508510573773
1 38771U 12049A   23282.62883384  .00000300  00000-0  15673-3 0  9999
2 38771  98.6660 340.0207 0001194  92.3206  24.5969 14.21508629573813
1 38771U 12049A   23282.76827646  .00000301  00000-0  15718-3 0  9994
2 38771  98.6660 340.1576 0001195  92.2947  17.8077 14.21508731573825
1 38771U 12049A   23282.90830788  .00000323  00000-0  16732-3 0  9992
2 38771  98.6660 340.2950 0001194  92.3002  13.9991 14.21508952573854
1 38771U 12049A   23283.11078553  .00000322  00000-0  16679-3 0  9999
2 38771  98.6659 340.4938 0001193  92.4394 329.4402 14.21509105573879
1 38771U 12049A   23283.45274271  .00000319  00000-0  16580-3 0  9998
2 38771  98.6659 340.8295 0001194  92.3065 278.5272 14.21509351573922
1 38771U 12049A   23283.62192426  .00000328  00000-0  16948-3 0  9996
2 38771  98.6659 340.9956 0001194  92.2232  63.8967 14.21509535573955
1 38771U 12049A   23283.82516325  .00000323  00000-0  16764-3 0  9997
2 38771  98.6659 341.1951 0001189  92.1285  23.4659 14.21509647573970
1 38771U 12049A   23283.89363860  .00000309  00000-0  16122-3 0  9990
2 38771  98.6659 341.2623 0001190  92.1674  13.6471 14.21509615573991
1 38771U 12049A   23284.09541039  .00000305  00000-0  15913-3 0  9992
2 38771  98.6658 341.4604 0001187  92.2329 325.5523 14.21509754574016
1 38771U 12049A   23284.44802267  .00000319  00000-0  16565-3 0  9993
2 38771  98.6658 341.8066 0001188  92.0352 329.2009 14.21510076574061
1 38771U 12049A   23284.60942346  .00000323  00000-0  16754-3 0  9999
2 38771  98.6658 341.9650 0001180  91.8404  74.8873 14.21510210574093
1 38771U 12049A   23284.80990535  .00000320  00000-0  16614-3 0  9996
2 38771  98.6658 342.1619 0001176  91.7267  20.3747 14.21510330574114
1 38771U 12049A   23285.15055023  .00000325  00000-0  16826-3 0  9999
2 38771  98.6657 342.4962 0001171  91.6751 322.6705 14.21510615574162
1 38771U 12049A   23285.44217015  .00000326  00000-0  16858-3 0  9998
2 38771  98.6657 342.7825 0001171  91.5410  14.3081 14.21510784574208
1 38771U 12049A   23285.59102209  .00000329  00000-0  17016-3 0  9992
2 38771  98.6657 342.9286 0001168  91.2819  55.8776 14.21510914574236
1 38771U 12049A   23285.79505049  .00000322  00000-0  16685-3 0  9997
2 38771  98.6656 343.1289 0001165  91.2891  19.3833 14.21511022574250
1 38771U 12049A   23285.93797545  .00000329  00000-0  16996-3 0  9999
2 38771  98.6656 343.2692 0001166  91.3584  30.3109 14.21511137574289
1 38771U 12049A   23286.20912934  .00000319  00000-0  16570-3 0  9998
2 38771  98.6655 343.5354 0001159  91.2339 337.2649 14.21511268574312
1 38771U 12049A   23286.48923913  .00000321  00000-0  16642-3 0  9990
2 38771  98.6655 343.8103 0001158  91.1215 330.0126 14.21511459574355
1 38771U 12049A   23286.57446411  .00000347  00000-0  17818-3 0  9997
2 38771  98.6654 343.8940 0001159  91.1301  45.8921 14.21511703574378
1 38771U 12049A   23286.85356647  .00000361  00000-0  18483-3 0  9994
2 38771  98.6654 344.1679 0001158  91.2006  33.3054 14.21512012574400
1 38771U 12049A   23286.92194625  .00000372  00000-0  19001-3 0  9997
2 38771  98.6653 344.2351 0001159  91.2538  22.9841 14.21512104574420
1 38771U 12049A   23287.11678689  .00000369  00000-0  18851-3 0  9994
2 38771  98.6653 344.4263 0001156  91.4202 299.3405 14.21512264574446
1 38771U 12049A   23287.46660280  .00000350  00000-0  17973-3 0  9994
2 38771  98.6652 344.7697 0001157  91.3363 288.5758 14.21512411574497
1 38771U 12049A   23287.55993697  .00000338  00000-0  17422-3 0  9990
2 38771  98.6652 344.8613 0001155  91.3136  45.9608 14.21512404574516
1 38771U 12049A   23287.84167800  .00000334  00000-0  17223-3 0  9996
2 38771  98.6651 345.1378 0001153  91.3138  46.9403 14.21512592574542
1 38771U 12049A   23287.92093006  .00000337  00000-0  17369-3 0  9995
2 38771  98.6651 345.2156 0001153  91.3864  92.2068 14.21512662574564
1 38771U 12049A   23288.18454538  .00000345  00000-0  17748-3 0  9995
2 38771  98.6650 345.4744 0001150  91.5177   0.3503 14.21512896574590
1 38771U 12049A   23288.47275597  .00000323  00000-0  16748-3 0  9998
2 38771  98.6650 345.7573 0001153  91.2432  34.6933 14.21512988574631
1 38771U 12049A   23288.61248453  .00000322  00000-0  16681-3 0  9990
2 38771  98.6650 345.8944 0001151  91.1957  29.3903 14.21513102574663
1 38771U 12049A   23288.82238734  .00000318  00000-0  16506-3 0  9995
2 38771  98.6649 346.1005 0001150  91.1847  22.9610 14.21513239574687
1 38771U 12049A   23288.96569681  .00000307  00000-0  16019-3 0  9995
2 38771  98.6648 346.2411 0001147  91.1324  35.9777 14.21513297574710
1 38771U 12049A   23289.17019007  .00000310  00000-0  16152-3 0  9993
2 38771  98.6648 346.4419 0001143  91.1156   1.8869 14.21513477574735
1 38771U 12049A   23289.36443127  .00000310  00000-0  16152-3 0  9998
2 38771  98.6648 346.6325 0001144  91.0836 275.3767 14.21513609574763
1 38771U 12049A   23289.44584587  .00000303  00000-0  15812-3 0  9997
2 38771  98.6648 346.7124 0001146  90.9512 331.9087 14.21513637574778
1 38771U 12049A   23289.59846295  .00000287  00000-0  15102-3 0  9993
2 38771  98.6647 346.8622 0001142  90.9168  32.5118 14.21513669574802
1 38771U 12049A   23289.73647118  .00000281  00000-0  14820-3 0  9992
2 38771  98.6647 346.9977 0001138  90.8316  18.4481 14.21513742574814
1 38771U 12049A   23289.95068609  .00000282  00000-0  14859-3 0  9991
2 38771  98.6646 347.2079 0001138  90.7681  34.1263 14.21513887574851
1 38771U 12049A   23289.95068609  .00000282  00000-0  14859-3 0  9991
2 38771  98.6646 347.2079 0001138  90.7681  34.1263 14.21513887574840
1 38771U 12049A   23290.43972740  .00000258  00000-0  13785-3 0  9996
2 38771  98.6645 347.6880 0001139  90.5925  15.5321 14.21514094574910
1 38771U 12049A   23290.58060940  .00000267  00000-0  14201-3 0  9996
2 38771  98.6645 347.8262 0001137  90.4819  16.1922 14.21514239574943
1 38771U 12049A   23290.79930237  .00000262  00000-0  13940-3 0  9998
2 38771  98.6645 348.0409 0001139  90.3864  54.8060 14.21514337574963
1 38771U 12049A   23291.13342905  .00000254  00000-0  13586-3 0  9993
2 38771  98.6644 348.3688 0001133  90.3953 323.7082 14.21514507575026
1 38771U 12049A   23291.48712108  .00000251  00000-0  13456-3 0  9990
2 38771  98.6643 348.7160 0001131  90.5266 332.5561 14.21514675575061
1 38771U 12049A   23291.85142626  .00000267  00000-0  14191-3 0  9997
2 38771  98.6642 349.0735 0001128  90.4291  35.9154 14.21515006575112
1 38771U 12049A   23291.93262009  .00000270  00000-0  14299-3 0  9997
2 38771  98.6642 349.1532 0001128  90.4289  91.1865 14.21515066575136
1 38771U 12049A   23292.19340647  .00000281  00000-0  14830-3 0  9994
2 38771  98.6642 349.4091 0001123  90.5405 344.8832 14.21515281575169
1 38771U 12049A   23292.47224722  .00000284  00000-0  14958-3 0  9994
2 38771  98.6641 349.6828 0001123  90.4754 331.0971 14.21515468575208
1 38771U 12049A   23292.55745389  .00000291  00000-0  15261-3 0  9996
2 38771  98.6641 349.7664 0001123  90.3932  46.9743 14.21515555575222
1 38771U 12049A   23292.83906845  .00000285  00000-0  15009-3 0  9996
2 38771  98.6641 350.0428 0001120  90.3570  47.3465 14.21515713575255
1 38771U 12049A   23292.91631918  .00000292  00000-0  15339-3 0  9995
2 38771  98.6641 350.1186 0001119  90.3954  82.4119 14.21515786575279
1 38771U 12049A   23293.18235701  .00000265  00000-0  14079-3 0  9995
2 38771  98.6640 350.3798 0001116  90.5035   2.9712 14.21515791575304
1 38771U 12049A   23293.47065816  .00000258  00000-0  13758-3 0  9990
2 38771  98.6640 350.6627 0001119  90.5182  37.4918 14.21515927575340
1 38771U 12049A   23293.61710997  .00000258  00000-0  13773-3 0  9990
2 38771  98.6640 350.8065 0001117  90.5150  66.5324 14.21516032575376
1 38771U 12049A   23293.82627424  .00000249  00000-0  13355-3 0  9991
2 38771  98.6640 351.0118 0001116  90.4885  56.3434 14.21516105575393
1 38771U 12049A   23293.90062097  .00000249  00000-0  13380-3 0  9997
2 38771  98.6639 351.0847 0001115  90.4774  76.6058 14.21516143575418
1 38771U 12049A   23294.16088674  .00000245  00000-0  13159-3 0  9995
2 38771  98.6639 351.3402 0001109  90.5736 327.6563 14.21516301575449
1 38771U 12049A   23294.52247539  .00000215  00000-0  11818-3 0  9999
2 38771  98.6639 351.6950 0001112  90.5977  17.0015 14.21516347575498
1 38771U 12049A   23294.60331862  .00000215  00000-0  11810-3 0  9993
2 38771  98.6639 351.7744 0001112  90.5941  70.4832 14.21516398575510
1 38771U 12049A   23294.80475300  .00000216  00000-0  11839-3 0  9993
2 38771  98.6638 351.9721 0001113  90.5379  20.7893 14.21516505575539
1 38771U 12049A   23294.95758131  .00000210  00000-0  11584-3 0  9996
2 38771  98.6638 352.1220 0001111  90.4699  82.5083 14.21516568575567
1 38771U 12049A   23295.14552983  .00000210  00000-0  11557-3 0  9995
2 38771  98.6638 352.3065 0001109  90.4778 323.7760 14.21516679575588
1 38771U 12049A   23295.42866066  .00000216  00000-0  11833-3 0  9999
2 38771  98.6638 352.5844 0001109  90.4692 331.8767 14.21516831575622
1 38771U 12049A   23295.57728890  .00000198  00000-0  11020-3 0  9994
2 38771  98.6638 352.7303 0001105  90.4318  12.0838 14.21516835575659
1 38771U 12049A   23295.85624071  .00000229  00000-0  12445-3 0  9998
2 38771  98.6637 353.0040 0001106  90.3685 358.8659 14.21517154575687
1 38771U 12049A   23295.94293355  .00000233  00000-0  12614-3 0  9998
2 38771  98.6637 353.0891 0001103  90.3812  82.2499 14.21517196575709
1 38771U 12049A   23296.20400598  .00000217  00000-0  11918-3 0  9995
2 38771  98.6636 353.3453 0001101  90.4773 337.4270 14.21517280575739
1 38771U 12049A   23296.49518733  .00000202  00000-0  11203-3 0  9998
2 38771  98.6636 353.6311 0001101  90.4676  26.7042 14.21517328575779
1 38771U 12049A   23296.84946587  .00000206  00000-0  11408-3 0  9990
2 38771  98.6636 353.9787 0001097  90.4554  38.6994 14.21517552575821
1 38771U 12049A   23296.92928238  .00000204  00000-0  11299-3 0  9998
2 38771  98.6635 354.0571 0001094  90.4998  86.8823 14.21517574575844
1 38771U 12049A   23297.19094312  .00000189  00000-0  10628-3 0  9992
2 38771  98.6635 354.3139 0001089  90.5116 345.1531 14.21517658575877
1 38771U 12049A   23297.48013247  .00000186  00000-0  10483-3 0  9998
2 38771  98.6635 354.5977 0001085  90.4855  24.2590 14.21517763575916
1 38771U 12049A   23297.55493428  .00000187  00000-0  10527-3 0  9999
2 38771  98.6635 354.6711 0001085  90.4742  46.8497 14.21517812575931
1 38771U 12049A   23297.62742954  .00000185  00000-0  10434-3 0  9993
2 38771  98.6635 354.7422 0001084  90.4715  57.6346 14.21517852575948
1 38771U 12049A   23298.53928758  .00000170  00000-0  97420-4 0  9997
2 38771  98.6633 355.6371 0001075  90.4265  41.4446 14.21518230576066
1 38771U 12049A   23298.96987098  .00000177  00000-0  10090-3 0  9990
2 38771  98.6629 356.0598 0001060  84.2087  89.8736 14.21494365576132
1 38771U 12049A   23299.15209560  .00000176  00000-0  10033-3 0  9999
2 38771  98.6630 356.2385 0001040  84.4042 301.6641 14.21494578576159
1 38771U 12049A   23299.52713097  .00000170  00000-0  97634-4 0  9992
2 38771  98.6630 356.6064 0001031  84.6588  59.5238 14.21494670576204
1 38771U 12049A   23299.59446084  .00000170  00000-0  97567-4 0  9993
2 38771  98.6630 356.6725 0001025  84.9877  43.5528 14.21494654576224
1 38771U 12049A   23299.80228586  .00000290  00000-0  15244-3 0  9996
2 38771  98.6630 356.8764 0001031  84.7140  26.7457 14.21494999576245
1 38771U 12049A   23299.87266566  .00000287  00000-0  15122-3 0  9994
2 38771  98.6629 356.9454 0001032  85.1370  26.2800 14.21495112576268
1 38771U 12049A   23300.14305904  .00000262  00000-0  13967-3 0  9995
2 38771  98.6629 357.2108 0001029  84.9098 329.4316 14.21495240576293
1 38771U 12049A   23300.50642385  .00000226  00000-0  12317-3 0  9990
2 38771  98.6629 357.5673 0001031  85.2151  27.5525 14.21495384576343
1 38771U 12049A   23300.58151793  .00000234  00000-0  12657-3 0  9992
2 38771  98.6629 357.6410 0001030  85.2841  51.5516 14.21495447576367
1 38771U 12049A   23300.85989425  .00000239  00000-0  12888-3 0  9994
2 38771  98.6628 357.9142 0001028  85.2618  35.3275 14.21495617576394
1 38771U 12049A   23300.92948646  .00000239  00000-0  12899-3 0  9994
2 38771  98.6628 357.9825 0001025  85.2252  31.2928 14.21495631576412
1 38771U 12049A   23301.05945399  .00000239  00000-0  12898-3 0  9990
2 38771  98.6627 358.1100 0001022  85.1546 336.0815 14.21495708576429
1 38771U 12049A   23301.46853378  .00000247  00000-0  13260-3 0  9993
2 38771  98.6627 358.5114 0001023  85.2450 268.2265 14.21495934576486
1 38771U 12049A   23301.63320098  .00000230  00000-0  12480-3 0  9995
2 38771  98.6627 358.6730 0001014  84.9298  30.7313 14.21496024576518
1 38771U 12049A   23301.84735968  .00000254  00000-0  13571-3 0  9992
2 38771  98.6626 358.8831 0001015  85.0953  45.8796 14.21496252576539
1 38771U 12049A   23302.19172274  .00000268  00000-0  14253-3 0  9999
2 38771  98.6625 359.2210 0001011  85.2876   6.9304 14.21496549576583
1 38771U 12049A   23302.47972222  .00000263  00000-0  14009-3 0  9995
2 38771  98.6625 359.5036 0001009  85.2307  39.9593 14.21496665576628
1 38771U 12049A   23302.61889243  .00000262  00000-0  13942-3 0  9995
2 38771  98.6625 359.6402 0001008  85.3788  31.5968 14.21496761576653
1 38771U 12049A   23302.75859625  .00000262  00000-0  13976-3 0  9998
2 38771  98.6624 359.7773 0001008  85.4143  26.0762 14.21496846576666
1 38771U 12049A   23302.91137247  .00000268  00000-0  14239-3 0  9994
2 38771  98.6624 359.9272 0001007  85.5989  87.2651 14.21496946576690
1 38771U 12049A   23303.17737319  .00000275  00000-0  14552-3 0  9995
2 38771  98.6623   0.1882 0000999  85.4704   7.8537 14.21497147576723
1 38771U 12049A   23303.45840297  .00000277  00000-0  14635-3 0  9990
2 38771  98.6623   0.4640 0000992  85.5709   5.0796 14.21497322576763
1 38771U 12049A   23303.81503434  .00000263  00000-0  13992-3 0  9999
2 38771  98.6622   0.8139 0000983  85.4861  29.1548 14.21497439576814
1 38771U 12049A   23303.88594310  .00000273  00000-0  14441-3 0  9990
2 38771  98.6622   0.8835 0000984  85.5616  31.7424 14.21497548576832
1 38771U 12049A   23304.15516612  .00000262  00000-0  13946-3 0  9997
2 38771  98.6621   1.1477 0000974  85.4773 328.7677 14.21497689576867
1 38771U 12049A   23304.52326309  .00000246  00000-0  13235-3 0  9993
2 38771  98.6621   1.5088 0000967  85.6691  51.2075 14.21497776576915
1 38771U 12049A   23304.59183037  .00000245  00000-0  13185-3 0  9992
2 38771  98.6621   1.5761 0000965  85.6799  41.8841 14.21497820576938
1 38771U 12049A   23304.79953979  .00000245  00000-0  13201-3 0  9993
2 38771  98.6620   1.7799 0000964  85.7149  24.1792 14.21497941576954
1 38771U 12049A   23304.95300954  .00000255  00000-0  13639-3 0  9996
2 38771  98.6620   1.9305 0000961  85.8740  88.9415 14.21498053576982
1 38771U 12049A   23305.13580257  .00000248  00000-0  13326-3 0  9998
2 38771  98.6619   2.1098 0000955  85.8622 303.8487 14.21498160577005
1 38771U 12049A   23305.50493889  .00000214  00000-0  11746-3 0  9990
2 38771  98.6619   2.4720 0000957  86.0711  31.5882 14.21498227577057
1 38771U 12049A   23305.57316331  .00000215  00000-0  11791-3 0  9994
2 38771  98.6619   2.5390 0000957  86.1128  20.4805 14.21498277577073
1 38771U 12049A   23305.85746321  .00000218  00000-0  11926-3 0  9994
2 38771  98.6618   2.8179 0000955  86.2827  34.3634 14.21498439577103
1 38771U 12049A   23305.93804633  .00000220  00000-0  12055-3 0  9991
2 38771  98.6618   2.8970 0000953  86.2968  86.4920 14.21498484577124
1 38771U 12049A   23306.19911366  .00000231  00000-0  12518-3 0  9998
2 38771  98.6617   3.1531 0000946  86.4763 341.5425 14.21498722577150
1 38771U 12049A   23306.47950446  .00000218  00000-0  11967-3 0  9993
2 38771  98.6617   3.4282 0000948  86.7134 335.3653 14.21498841577193
1 38771U 12049A   23306.63077618  .00000214  00000-0  11780-3 0  9991
2 38771  98.6617   3.5766 0000946  86.7652  28.9936 14.21498923577228
1 38771U 12049A   23306.84576098  .00000212  00000-0  11650-3 0  9994
2 38771  98.6616   3.7875 0000946  86.9225  48.3771 14.21499023577245
1 38771U 12049A   23306.92348933  .00000209  00000-0  11535-3 0  9996
2 38771  98.6616   3.8638 0000944  86.8097  86.0320 14.21499055577263
1 38771U 12049A   23307.18924762  .00000225  00000-0  12249-3 0  9996
2 38771  98.6616   4.1245 0000939  87.0160   5.0480 14.21499304577297
1 38771U 12049A   23307.45490882  .00000217  00000-0  11917-3 0  9999
2 38771  98.6615   4.3852 0000940  87.2525 283.5375 14.21499430577332
1 38771U 12049A   23307.61731970  .00000233  00000-0  12646-3 0  9991
2 38771  98.6615   4.5445 0000938  87.1596  34.2821 14.21499632577360
1 38771U 12049A   23307.83262549  .00000227  00000-0  12368-3 0  9990
2 38771  98.6615   4.7557 0000936  87.1626  55.4620 14.21499712577381
1 38771U 12049A   23307.90926332  .00000228  00000-0  12409-3 0  9992
2 38771  98.6615   4.8309 0000935  87.1202  87.4693 14.21499750577406
1 38771U 12049A   23308.17489743  .00000236  00000-0  12757-3 0  9997
2 38771  98.6615   5.0916 0000928  87.0700   6.1072 14.21499980577434
1 38771U 12049A   23308.44066147  .00000239  00000-0  12910-3 0  9990
2 38771  98.6615   5.3523 0000928  87.3080 285.1217 14.21500141577471
1 38771U 12049A   23308.60297203  .00000238  00000-0  12871-3 0  9992
2 38771  98.6614   5.5115 0000925  87.3381  35.2304 14.21500243577508
1 38771U 12049A   23308.81210410  .00000236  00000-0  12776-3 0  9992
2 38771  98.6614   5.7167 0000922  87.2860  24.8905 14.21500346577522
1 38771U 12049A   23308.95572081  .00000256  00000-0  13693-3 0  9993
2 38771  98.6614   5.8576 0000919  87.2575  39.4487 14.21500569577553
1 38771U 12049A   23309.15278215  .00000251  00000-0  13457-3 0  9991
2 38771  98.6614   6.0510 0000916  87.4392 327.1393 14.21500682577571
1 38771U 12049A   23309.44836708  .00000303  00000-0  15842-3 0  9998
2 38771  98.6614   6.3410 0000914  87.5528  38.7988 14.21501134577616
1 38771U 12049A   23309.58561738  .00000283  00000-0  14926-3 0  9990
2 38771  98.6614   6.4756 0000912  87.6842  20.6352 14.21501096577643
1 38771U 12049A   23309.79781295  .00000293  00000-0  15353-3 0  9991
2 38771  98.6613   6.6838 0000914  87.8011  25.7955 14.21501273577661
1 38771U 12049A   23309.95027501  .00000469  00000-0  23410-3 0  9990
2 38771  98.6613   6.8334 0000915  87.9612  85.4085 14.21502513577691