1 28654U 05018A   23208.07532950  .00000246  00000-0  15570-3 0  9998
2 28654  98.9084 282.2710 0013161 266.3828  93.5839 14.12976242937200
1 28654U 05018A   23208.42938959  .00000230  00000-0  14737-3 0  9993
2 28654  98.9084 282.6233 0013162 265.3182  94.6487 14.12976361937255
1 28654U 05018A   23208.57101362  .00000219  00000-0  14128-3 0  9990
2 28654  98.9084 282.7643 0013164 264.8651  95.1019 14.12976367937183
1 28654U 05018A   23208.71263761  .00000223  00000-0  14357-3 0  9997
2 28654  98.9084 282.9052 0013168 264.4359  95.5312 14.12976454937293
1 28654U 05018A   23208.85426158  .00000228  00000-0  14593-3 0  9990
2 28654  98.9083 283.0461 0013174 264.0004  95.9666 14.12976518937228
1 28654U 05018A   23209.13750959  .00000214  00000-0  13880-3 0  9994
2 28654  98.9083 283.3280 0013176 263.1363  96.8310 14.12976611937354
1 28654U 05018A   23209.34994559  .00000203  00000-0  13251-3 0  9993
2 28654  98.9083 283.5394 0013177 262.4829  97.4846 14.12976650937389
1 28654U 05018A   23209.49156958  .00000203  00000-0  13272-3 0  9995
2 28654  98.9083 283.6803 0013177 262.0399  97.9278 14.12976713937310
1 28654U 05018A   23209.70400554  .00000197  00000-0  12976-3 0  9995
2 28654  98.9083 283.8917 0013186 261.3891  98.5787 14.12976797937434
1 28654U 05018A   23210.12887737  .00000195  00000-0  12870-3 0  9996
2 28654  98.9083 284.3144 0013195 260.1152  99.8531 14.12977012937497
1 28654U 05018A   23210.34131319  .00000203  00000-0  13299-3 0  9994
2 28654  98.9083 284.5258 0013201 259.4626 100.5059 14.12977195937521
1 28654U 05018A   23210.76618493  .00000221  00000-0  14258-3 0  9999
2 28654  98.9083 284.9485 0013214 258.1461 101.8230 14.12977495937588
1 28654U 05018A   23211.12024457  .00000241  00000-0  15333-3 0  9998
2 28654  98.9082 285.3008 0013231 257.0683 102.9011 14.12977791937630
1 28654U 05018A   23211.40349240  .00000234  00000-0  14952-3 0  9997
2 28654  98.9083 285.5827 0013237 256.1993 103.7706 14.12977899937675
1 28654U 05018A   23211.75755202  .00000236  00000-0  15020-3 0  9993
2 28654  98.9083 285.9350 0013246 255.1134 104.8571 14.12978151937726
1 28654U 05018A   23212.11161158  .00000246  00000-0  15606-3 0  9996
2 28654  98.9082 286.2872 0013257 254.0311 105.9401 14.12978426937779
1 28654U 05018A   23212.46567114  .00000246  00000-0  15598-3 0  9996
2 28654  98.9082 286.6395 0013259 252.9561 107.0158 14.12978671937829
1 28654U 05018A   23212.74891885  .00000246  00000-0  15603-3 0  9999
2 28654  98.9082 286.9213 0013272 252.1066 107.8659 14.12978850937865
1 28654U 05018A   23213.10297835  .00000232  00000-0  14835-3 0  9996
2 28654  98.9082 287.2736 0013283 251.0170 108.9562 14.12979006937910
1 28654U 05018A   23213.38622599  .00000218  00000-0  14059-3 0  9997
2 28654  98.9082 287.5554 0013290 250.1504 109.8236 14.12979093937958
1 28654U 05018A   23213.74028537  .00000234  00000-0  14957-3 0  9994
2 28654  98.9082 287.9077 0013297 249.0797 110.8952 14.12979413938000
1 28654U 05018A   23214.16515661  .00000236  00000-0  15047-3 0  9993
2 28654  98.9081 288.3304 0013309 247.7772 112.1989 14.12979676938061
1 28654U 05018A   23214.44840415  .00000231  00000-0  14793-3 0  9994
2 28654  98.9082 288.6122 0013311 246.9086 113.0683 14.12979784938101
1 28654U 05018A   23214.73165155  .00000252  00000-0  15922-3 0  9995
2 28654  98.9081 288.8941 0013316 246.0495 113.9282 14.12980063938141
1 28654U 05018A   23215.08571071  .00000275  00000-0  17142-3 0  9993
2 28654  98.9081 289.2463 0013325 244.9774 115.0015 14.12980398938195
1 28654U 05018A   23215.36895822  .00000285  00000-0  17679-3 0  9993
2 28654  98.9081 289.5282 0013328 244.1183 115.8615 14.12980575938232
1 28654U 05018A   23215.79382922  .00000285  00000-0  17660-3 0  9992
2 28654  98.9081 289.9509 0013339 242.8432 117.1380 14.12980820938295
1 28654U 05018A   23216.07707648  .00000287  00000-0  17754-3 0  9996
2 28654  98.9080 290.2327 0013350 241.9870 117.9951 14.12980991938332
1 28654U 05018A   23216.36032379  .00000262  00000-0  16446-3 0  9990
2 28654  98.9080 290.5146 0013356 241.1199 118.8633 14.12981014938374
1 28654U 05018A   23216.71438282  .00000272  00000-0  16967-3 0  9991
2 28654  98.9080 290.8669 0013370 240.0480 119.9365 14.12981268938425
1 28654U 05018A   23217.13925356  .00000277  00000-0  17229-3 0  9998
2 28654  98.9079 291.2896 0013388 238.7816 121.2045 14.12981538938483
1 28654U 05018A   23217.42250066  .00000277  00000-0  17221-3 0  9991
2 28654  98.9079 291.5714 0013396 237.9167 122.0704 14.12981728938521
1 28654U 05018A   23217.77655952  .00000299  00000-0  18445-3 0  9995
2 28654  98.9079 291.9237 0013410 236.8498 123.1388 14.12982049938579
1 28654U 05018A   23218.20143019  .00000264  00000-0  16546-3 0  9992
2 28654  98.9078 292.3464 0013424 235.5979 124.3924 14.12982108938632
1 28654U 05018A   23218.48467721  .00000262  00000-0  16423-3 0  9993
2 28654  98.9078 292.6282 0013436 234.7319 125.2597 14.12982266938670
1 28654U 05018A   23218.76792420  .00000251  00000-0  15853-3 0  9995
2 28654  98.9077 292.9100 0013448 233.8873 126.1055 14.12982416938710
1 28654U 05018A   23219.19279464  .00000246  00000-0  15601-3 0  9996
2 28654  98.9077 293.3327 0013470 232.6547 127.3399 14.12982660938777
1 28654U 05018A   23219.47604156  .00000244  00000-0  15455-3 0  9992
2 28654  98.9076 293.6145 0013480 231.7956 128.2003 14.12982830938818
1 28654U 05018A   23219.75928842  .00000249  00000-0  15764-3 0  9992
2 28654  98.9076 293.8963 0013494 230.9679 129.0292 14.12983068938853
1 28654U 05018A   23220.04253524  .00000246  00000-0  15603-3 0  9993
2 28654  98.9075 294.1781 0013511 230.1427 129.8558 14.12983252938899
1 28654U 05018A   23220.46740540  .00000269  00000-0  16799-3 0  9990
2 28654  98.9075 294.6008 0013535 228.8984 131.1019 14.12983695938950
1 28654U 05018A   23220.67984051  .00000255  00000-0  16036-3 0  9999
2 28654  98.9075 294.8122 0013545 228.2514 131.7500 14.12983767938987
1 28654U 05018A   23221.03389892  .00000258  00000-0  16220-3 0  9990
2 28654  98.9075 295.1644 0013565 227.2216 132.7816 14.12984009939038
1 28654U 05018A   23221.45876915  .00000239  00000-0  15183-3 0  9999
2 28654  98.9075 295.5871 0013582 225.9419 134.0635 14.12984143939092
1 28654U 05018A   23221.74201583  .00000224  00000-0  14420-3 0  9991
2 28654  98.9074 295.8690 0013594 225.0858 134.9211 14.12984274939133
1 28654U 05018A   23222.16688579  .00000224  00000-0  14423-3 0  9995
2 28654  98.9074 296.2917 0013614 223.8298 136.1794 14.12984552939192
1 28654U 05018A   23222.45013247  .00000208  00000-0  13557-3 0  9990
2 28654  98.9074 296.5735 0013622 222.9708 137.0400 14.12984626939239
1 28654U 05018A   23222.80419077  .00000202  00000-0  13193-3 0  9990
2 28654  98.9074 296.9257 0013634 221.9184 138.0945 14.12984800939286
1 28654U 05018A   23223.08743730  .00000208  00000-0  13518-3 0  9994
2 28654  98.9074 297.2075 0013650 221.0807 138.9338 14.12985002939324
1 28654U 05018A   23223.44149559  .00000206  00000-0  13430-3 0  9994
2 28654  98.9074 297.5598 0013661 220.0020 140.0147 14.12985162939379
1 28654U 05018A   23223.72474214  .00000205  00000-0  13361-3 0  9996
2 28654  98.9074 297.8416 0013671 219.1689 140.8495 14.12985311939417
1 28654U 05018A   23224.07880026  .00000216  00000-0  13961-3 0  9995
2 28654  98.9074 298.1938 0013688 218.1310 141.8895 14.12985513939462
1 28654U 05018A   23224.36204677  .00000220  00000-0  14208-3 0  9999
2 28654  98.9074 298.4756 0013701 217.2832 142.7390 14.12985673939500
1 28654U 05018A   23224.78691644  .00000232  00000-0  14810-3 0  9991
2 28654  98.9073 298.8983 0013720 216.0235 144.0014 14.12985929939568
1 28654U 05018A   23225.14097440  .00000244  00000-0  15488-3 0  9991
2 28654  98.9073 299.2505 0013739 215.0096 145.0174 14.12986162939611
1 28654U 05018A   23225.42422078  .00000247  00000-0  15640-3 0  9994
2 28654  98.9073 299.5323 0013749 214.1621 145.8667 14.12986297939655
1 28654U 05018A   23225.77827875  .00000232  00000-0  14822-3 0  9991
2 28654  98.9073 299.8846 0013774 213.1636 146.8674 14.12986401939703
1 28654U 05018A   23226.13233664  .00000237  00000-0  15117-3 0  9992
2 28654  98.9072 300.2368 0013790 212.1486 147.8847 14.12986602939759
1 28654U 05018A   23226.41558294  .00000246  00000-0  15566-3 0  9990
2 28654  98.9073 300.5186 0013804 211.3136 148.7215 14.12986765939793
1 28654U 05018A   23226.76964074  .00000248  00000-0  15704-3 0  9991
2 28654  98.9072 300.8709 0013824 210.2805 149.7569 14.12986974939840
1 28654U 05018A   23227.12369848  .00000250  00000-0  15801-3 0  9991
2 28654  98.9072 301.2231 0013843 209.2651 150.7747 14.12987189939897
1 28654U 05018A   23227.40694471  .00000256  00000-0  16117-3 0  9992
2 28654  98.9072 301.5049 0013854 208.4408 151.6009 14.12987374939932
1 28654U 05018A   23227.69019087  .00000239  00000-0  15175-3 0  9991
2 28654  98.9071 301.7867 0013875 207.6304 152.4132 14.12987462939978
1 28654U 05018A   23228.04424850  .00000249  00000-0  15744-3 0  9992
2 28654  98.9071 302.1389 0013889 206.6035 153.4426 14.12987712940020
1 28654U 05018A   23228.39830612  .00000240  00000-0  15271-3 0  9993
2 28654  98.9071 302.4911 0013913 205.6070 154.4415 14.12987879940078
1 28654U 05018A   23228.68155215  .00000250  00000-0  15764-3 0  9992
2 28654  98.9071 302.7729 0013928 204.8063 155.2441 14.12988107940115
1 28654U 05018A   23229.03560961  .00000251  00000-0  15830-3 0  9995
2 28654  98.9070 303.1251 0013946 203.7801 156.2728 14.12988353940164
1 28654U 05018A   23229.38966713  .00000234  00000-0  14943-3 0  9993
2 28654  98.9070 303.4773 0013968 202.7570 157.2985 14.12988501940219
1 28654U 05018A   23229.81453602  .00000247  00000-0  15619-3 0  9994
2 28654  98.9069 303.9000 0013986 201.5217 158.5369 14.12988820940270
1 28654U 05018A   23230.16859343  .00000237  00000-0  15097-3 0  9995
2 28654  98.9069 304.2522 0014012 200.4882 159.5730 14.12988971940326
1 28654U 05018A   23230.38102780  .00000244  00000-0  15449-3 0  9994
2 28654  98.9069 304.4635 0014025 199.8775 160.1853 14.12989127940350
1 28654U 05018A   23230.80589650  .00000235  00000-0  14963-3 0  9996
2 28654  98.9068 304.8862 0014044 198.6461 161.4198 14.12989375940413
1 28654U 05018A   23231.15995374  .00000237  00000-0  15111-3 0  9997
2 28654  98.9067 305.2384 0014067 197.6293 162.4392 14.12989604940460
1 28654U 05018A   23231.44319952  .00000238  00000-0  15124-3 0  9996
2 28654  98.9067 305.5201 0014085 196.7934 163.2773 14.12989738940508
1 28654U 05018A   23231.79725668  .00000244  00000-0  15450-3 0  9998
2 28654  98.9066 305.8724 0014098 195.7617 164.3118 14.12989969940557
1 28654U 05018A   23232.15131377  .00000247  00000-0  15628-3 0  9997
2 28654  98.9066 306.2246 0014115 194.7492 165.3270 14.12990190940605
1 28654U 05018A   23232.43455941  .00000255  00000-0  16059-3 0  9992
2 28654  98.9065 306.5063 0014131 193.9177 166.1608 14.12990351940640
1 28654U 05018A   23232.71780504  .00000245  00000-0  15505-3 0  9993
2 28654  98.9065 306.7881 0014145 193.1206 166.9600 14.12990469940684
1 28654U 05018A   23233.14267337  .00000257  00000-0  16169-3 0  9995
2 28654  98.9064 307.2108 0014167 191.9405 168.1433 14.12990750940740
1 28654U 05018A   23233.42591888  .00000259  00000-0  16292-3 0  9996
2 28654  98.9064 307.4926 0014182 191.1353 168.9507 14.12990903940785
1 28654U 05018A   23233.77997577  .00000252  00000-0  15888-3 0  9992
2 28654  98.9063 307.8448 0014200 190.1339 169.9549 14.12991060940839
1 28654U 05018A   23234.20484392  .00000263  00000-0  16462-3 0  9998
2 28654  98.9062 308.2674 0014221 188.9514 171.1406 14.12991358940890
1 28654U 05018A   23234.41727793  .00000269  00000-0  16793-3 0  9999
2 28654  98.9062 308.4787 0014234 188.3497 171.7441 14.12991511940925
1 28654U 05018A   23234.62971195  .00000265  00000-0  16603-3 0  9995
2 28654  98.9062 308.6901 0014249 187.7404 172.3550 14.12991641940957
1 28654U 05018A   23235.12539129  .00000256  00000-0  16103-3 0  9993
2 28654  98.9061 309.1831 0014273 186.3680 173.7312 14.12991878941024
1 28654U 05018A   23235.40863660  .00000246  00000-0  15585-3 0  9996
2 28654  98.9061 309.4649 0014290 185.5815 174.5200 14.12991998941066
1 28654U 05018A   23236.75405133  .00000227  00000-0  14566-3 0  9999
2 28654  98.9060 310.8032 0014364 181.8762 178.2359 14.12992771941256
1 28654U 05018A   23236.89567384  .00000236  00000-0  15045-3 0  9994
2 28654  98.9059 310.9441 0014373 181.4667 178.6466 14.12992893941189
1 28654U 05018A   23237.10810769  .00000229  00000-0  14639-3 0  9997
2 28654  98.9059 311.1554 0014384 180.8755 179.2394 14.12993007941309
1 28654U 05018A   23237.39135282  .00000214  00000-0  13830-3 0  9994
2 28654  98.9059 311.4372 0014396 180.0842 180.0330 14.12993095941343
1 28654U 05018A   23237.53297541  .00000203  00000-0  13244-3 0  9994
2 28654  98.9059 311.5781 0014404 179.7032 180.4150 14.12993124941273
1 28654U 05018A   23237.74540920  .00000203  00000-0  13279-3 0  9997
2 28654  98.9059 311.7893 0014420 179.1007 181.0193 14.12993261941392
1 28654U 05018A   23237.88703170  .00000216  00000-0  13964-3 0  9995
2 28654  98.9059 311.9302 0014426 178.6940 181.4272 14.12993393941326
1 28654U 05018A   23238.02865421  .00000219  00000-0  14139-3 0  9998
2 28654  98.9059 312.0711 0014437 178.3004 181.8220 14.12993487941435
1 28654U 05018A   23238.38271048  .00000221  00000-0  14224-3 0  9991
2 28654  98.9059 312.4232 0014457 177.2987 182.8266 14.12993703941484
1 28654U 05018A   23238.52433294  .00000226  00000-0  14515-3 0  9998
2 28654  98.9059 312.5641 0014462 176.8928 183.2336 14.12993822941413
1 28654U 05018A   23238.73676668  .00000223  00000-0  14308-3 0  9992
2 28654  98.9059 312.7754 0014470 176.3097 183.8184 14.12993928941538
1 28654U 05018A   23238.87838918  .00000218  00000-0  14088-3 0  9994
2 28654  98.9058 312.9163 0014477 175.8880 184.2413 14.12993963941465
1 28654U 05018A   23239.16163413  .00000209  00000-0  13573-3 0  9996
2 28654  98.9058 313.1980 0014491 175.0718 185.0599 14.12994097941590
1 28654U 05018A   23239.37406778  .00000227  00000-0  14570-3 0  9991
2 28654  98.9058 313.4093 0014502 174.4788 185.6546 14.12994292941530
1 28654U 05018A   23239.37406778  .00000227  00000-0  14570-3 0  9991
2 28654  98.9058 313.4093 0014502 174.4788 185.6546 14.12994292941620
1 28654U 05018A   23239.72812387  .00000222  00000-0  14252-3 0  9999
2 28654  98.9058 313.7615 0014518 173.5017 186.6345 14.12994441941674
1 28654U 05018A   23239.86974628  .00000224  00000-0  14410-3 0  9999
2 28654  98.9058 313.9023 0014526 173.1267 187.0107 14.12994489941607
1 28654U 05018A   23240.15299111  .00000229  00000-0  14664-3 0  9996
2 28654  98.9058 314.1841 0014538 172.3346 187.8051 14.12994655941735
1 28654U 05018A   23240.43623591  .00000232  00000-0  14832-3 0  9991
2 28654  98.9057 314.4658 0014556 171.5297 188.6123 14.12994796941778
1 28654U 05018A   23240.71948068  .00000226  00000-0  14489-3 0  9992
2 28654  98.9057 314.7475 0014569 170.7460 189.3983 14.12994904941813
1 28654U 05018A   23240.86110302  .00000218  00000-0  14045-3 0  9999
2 28654  98.9057 314.8884 0014573 170.3665 189.7789 14.12994947941743
1 28654U 05018A   23241.21515894  .00000220  00000-0  14163-3 0  9998
2 28654  98.9056 315.2406 0014591 169.4036 190.7446 14.12995113941881
1 28654U 05018A   23241.35678129  .00000222  00000-0  14275-3 0  9990
2 28654  98.9056 315.3814 0014599 169.0050 191.1444 14.12995176941900
1 28654U 05018A   23241.71083715  .00000231  00000-0  14733-3 0  9990
2 28654  98.9056 315.7336 0014609 168.0531 192.0990 14.12995364941958
1 28654U 05018A   23241.85245945  .00000229  00000-0  14642-3 0  9996
2 28654  98.9056 315.8745 0014611 167.6874 192.4658 14.12995417941887
1 28654U 05018A   23242.13570406  .00000229  00000-0  14677-3 0  9999
2 28654  98.9055 316.1562 0014622 166.9127 193.2427 14.12995561942011
1 28654U 05018A   23242.34813751  .00000226  00000-0  14518-3 0  9996
2 28654  98.9055 316.3675 0014634 166.3267 193.8304 14.12995652942044
1 28654U 05018A   23242.63138204  .00000240  00000-0  15231-3 0  9990
2 28654  98.9055 316.6492 0014655 165.5229 194.6366 14.12995851942088
1 28654U 05018A   23242.84381542  .00000246  00000-0  15547-3 0  9994
2 28654  98.9055 316.8605 0014661 164.9308 195.2303 14.12995972942020
1 28654U 05018A   23243.19787104  .00000245  00000-0  15484-3 0  9996
2 28654  98.9054 317.2126 0014679 163.9705 196.1935 14.12996161942168
1 28654U 05018A   23243.41030439  .00000245  00000-0  15499-3 0  9999
2 28654  98.9054 317.4239 0014693 163.3779 196.7878 14.12996269942190
1 28654U 05018A   23243.62273768  .00000245  00000-0  15525-3 0  9996
2 28654  98.9054 317.6352 0014705 162.8063 197.3610 14.12996415942220
1 28654U 05018A   23243.83517099  .00000244  00000-0  15437-3 0  9998
2 28654  98.9053 317.8465 0014713 162.2095 197.9595 14.12996503942163
1 28654U 05018A   23244.11841537  .00000242  00000-0  15321-3 0  9997
2 28654  98.9053 318.1282 0014727 161.4394 198.7318 14.12996662942294
1 28654U 05018A   23244.47247081  .00000263  00000-0  16496-3 0  9997
2 28654  98.9053 318.4804 0014751 160.4554 199.7186 14.12996972942345
1 28654U 05018A   23244.54328189  .00000256  00000-0  16103-3 0  9991
2 28654  98.9053 318.5508 0014756 160.2759 199.8987 14.12996995942263
1 28654U 05018A   23244.82652613  .00000254  00000-0  15973-3 0  9996
2 28654  98.9052 318.8325 0014763 159.5350 200.6416 14.12997165942390
1 28654U 05018A   23244.89733719  .00000252  00000-0  15901-3 0  9999
2 28654  98.9052 318.9029 0014768 159.3491 200.8281 14.12997199942312
1 28654U 05018A   23245.03895931  .00000248  00000-0  15662-3 0  9990
2 28654  98.9052 319.0438 0014778 158.9686 201.2097 14.12997275942427
1 28654U 05018A   23245.46382565  .00000254  00000-0  16015-3 0  9991
2 28654  98.9052 319.4664 0014797 157.8159 202.3657 14.12997578942482
1 28654U 05018A   23245.53463669  .00000242  00000-0  15321-3 0  9990
2 28654  98.9051 319.5368 0014799 157.6427 202.5393 14.12997574942408
1 28654U 05018A   23245.67625878  .00000237  00000-0  15086-3 0  9999
2 28654  98.9051 319.6777 0014807 157.2529 202.9302 14.12997660942514
1 28654U 05018A   23245.88869146  .00000308  00000-0  18862-3 0  9994
2 28654  98.9051 319.8889 0014813 156.6795 203.5052 14.12998274942459
1 28654U 05018A   23246.03031386  .00000238  00000-0  15108-3 0  9991
2 28654  98.9051 320.0298 0014820 156.3166 203.8691 14.12997869942567
1 28654U 05018A   23246.45517996  .00000271  00000-0  16912-3 0  9994
2 28654  98.9051 320.4523 0014838 155.1640 205.0249 14.12998328942626
1 28654U 05018A   23246.52599098  .00000260  00000-0  16324-3 0  9990
2 28654  98.9050 320.5228 0014845 154.9621 205.2274 14.12998312942546
1 28654U 05018A   23246.73842398  .00000265  00000-0  16583-3 0  9999
2 28654  98.9050 320.7340 0014854 154.3804 205.8107 14.12998481942661
1 28654U 05018A   23247.02166799  .00000254  00000-0  15993-3 0  9998
2 28654  98.9050 321.0158 0014867 153.6114 206.5818 14.12998573942706
1 28654U 05018A   23247.44653402  .00000251  00000-0  15812-3 0  9993
2 28654  98.9049 321.4383 0014887 152.4441 207.7523 14.12998794942767
1 28654U 05018A   23247.51734502  .00000230  00000-0  14677-3 0  9997
2 28654  98.9049 321.5087 0014892 152.2585 207.9385 14.12998720942680
1 28654U 05018A   23247.80058893  .00000230  00000-0  14727-3 0  9997
2 28654  98.9048 321.7904 0014902 151.4820 208.7170 14.12998886942813
1 28654U 05018A   23248.15464381  .00000229  00000-0  14623-3 0  9992
2 28654  98.9048 322.1426 0014917 150.5195 209.6821 14.12999071942863
1 28654U 05018A   23248.43788766  .00000226  00000-0  14489-3 0  9996
2 28654  98.9047 322.4243 0014933 149.7352 210.4685 14.12999186942905
1 28654U 05018A   23248.50869862  .00000226  00000-0  14470-3 0  9991
2 28654  98.9047 322.4947 0014936 149.5416 210.6626 14.12999221942826
1 28654U 05018A   23248.79194234  .00000242  00000-0  15359-3 0  9991
2 28654  98.9047 322.7764 0014944 148.7826 211.4236 14.12999469942955
1 28654U 05018A   23249.14599703  .00000239  00000-0  15176-3 0  9994
2 28654  98.9046 323.1285 0014958 147.8254 212.3833 14.12999647943005
1 28654U 05018A   23249.42924079  .00000255  00000-0  16067-3 0  9991
2 28654  98.9046 323.4103 0014969 147.0497 213.1611 14.12999873943048
1 28654U 05018A   23249.50005175  .00000246  00000-0  15533-3 0  9994
2 28654  98.9046 323.4807 0014972 146.8663 213.3450 14.12999856942969
1 28654U 05018A   23249.57086266  .00000249  00000-0  15718-3 0  9999
2 28654  98.9046 323.5511 0014976 146.6732 213.5386 14.12999912943066
1 28654U 05018A   23249.85410626  .00000263  00000-0  16465-3 0  9997
2 28654  98.9045 323.8328 0014982 145.9241 214.2895 14.13000136943018
1 28654U 05018A   23250.06653895  .00000275  00000-0  17117-3 0  9997
2 28654  98.9045 324.0441 0014994 145.3419 214.8732 14.13000306943139
1 28654U 05018A   23250.34978256  .00000271  00000-0  16921-3 0  9997
2 28654  98.9045 324.3258 0015006 144.5825 215.6347 14.13000434943172
1 28654U 05018A   23250.49140439  .00000256  00000-0  16117-3 0  9997
2 28654  98.9044 324.4666 0015012 144.2008 216.0173 14.13000411943102
1 28654U 05018A   23250.70383703  .00000259  00000-0  16261-3 0  9997
2 28654  98.9044 324.6779 0015020 143.6387 216.5809 14.13000553943222
1 28654U 05018A   23250.84545874  .00000277  00000-0  17201-3 0  9996
2 28654  98.9044 324.8188 0015023 143.2616 216.9588 14.13000727943155
1 28654U 05018A   23251.05789135  .00000272  00000-0  16950-3 0  9995
2 28654  98.9043 325.0300 0015030 142.7052 217.5166 14.13000832943278
1 28654U 05018A   23251.41194576  .00000250  00000-0  15753-3 0  9990
2 28654  98.9043 325.3821 0015043 141.7654 218.4588 14.13000911943322
1 28654U 05018A   23251.55356755  .00000237  00000-0  15093-3 0  9996
2 28654  98.9043 325.5230 0015049 141.3983 218.8268 14.13000911943256
1 28654U 05018A   23251.76600012  .00000229  00000-0  14653-3 0  9999
2 28654  98.9043 325.7343 0015056 140.8528 219.3736 14.13000991943377
1 28654U 05018A   23251.83681093  .00000250  00000-0  15790-3 0  9992
2 28654  98.9043 325.8047 0015058 140.6488 219.5781 14.13001142943296
1 28654U 05018A   23252.19086515  .00000231  00000-0  14763-3 0  9998
2 28654  98.9043 326.1568 0015065 139.7204 220.5087 14.13001257943435
1 28654U 05018A   23252.47410854  .00000221  00000-0  14240-3 0  9995
2 28654  98.9043 326.4385 0015073 138.9465 221.2845 14.13001368943471
1 28654U 05018A   23252.54491936  .00000235  00000-0  14986-3 0  9995
2 28654  98.9043 326.5089 0015071 138.7739 221.4574 14.13001488943398
1 28654U 05018A   23252.75735184  .00000236  00000-0  15013-3 0  9997
2 28654  98.9043 326.7201 0015078 138.2005 222.0322 14.13001625943519
1 28654U 05018A   23253.11140586  .00000245  00000-0  15494-3 0  9997
2 28654  98.9042 327.0723 0015086 137.2796 222.9552 14.13001900943561
1 28654U 05018A   23253.39464922  .00000227  00000-0  14543-3 0  9994
2 28654  98.9042 327.3539 0015097 136.5281 223.7084 14.13001937943606
1 28654U 05018A   23253.53627082  .00000238  00000-0  15126-3 0  9998
2 28654  98.9043 327.4948 0015101 136.1592 224.0782 14.13002070943539
1 28654U 05018A   23253.81951401  .00000235  00000-0  14976-3 0  9993
2 28654  98.9042 327.7765 0015109 135.3954 224.8436 14.13002229943663
1 28654U 05018A   23254.10275712  .00000254  00000-0  15982-3 0  9999
2 28654  98.9042 328.0582 0015118 134.6466 225.5941 14.13002492943700
1 28654U 05018A   23254.45681106  .00000256  00000-0  16069-3 0  9994
2 28654  98.9042 328.4103 0015130 133.7052 226.5376 14.13002676943750
1 28654U 05018A   23254.52762180  .00000262  00000-0  16419-3 0  9990
2 28654  98.9042 328.4807 0015131 133.5179 226.7253 14.13002770943672
1 28654U 05018A   23254.74005411  .00000251  00000-0  15832-3 0  9997
2 28654  98.9042 328.6920 0015134 132.9523 227.2921 14.13002858943797
1 28654U 05018A   23255.09410791  .00000241  00000-0  15298-3 0  9992
2 28654  98.9041 329.0440 0015156 131.9781 228.2685 14.13003033943847
1 28654U 05018A   23255.37735088  .00000255  00000-0  16042-3 0  9995
2 28654  98.9041 329.3257 0015159 131.2490 228.9990 14.13003255943885
1 28654U 05018A   23255.51897236  .00000255  00000-0  16052-3 0  9996
2 28654  98.9041 329.4665 0015165 130.8669 229.3819 14.13003338943819
1 28654U 05018A   23255.73140453  .00000270  00000-0  16816-3 0  9997
2 28654  98.9041 329.6778 0015166 130.3259 229.9241 14.13003508943934
1 28654U 05018A   23255.80221503  .00000327  00000-0  19875-3 0  9992
2 28654  98.9041 329.7482 0015170 130.1324 230.1180 14.13003887943850
1 28654U 05018A   23256.08545788  .00000324  00000-0  19749-3 0  9994
2 28654  98.9040 330.0299 0015180 129.3566 230.8953 14.13004059943980
1 28654U 05018A   23256.36870056  .00000381  00000-0  22771-3 0  9996
2 28654  98.9040 330.3115 0015192 128.6220 231.6315 14.13004508944028
1 28654U 05018A   23256.51032199  .00000353  00000-0  21309-3 0  9996
2 28654  98.9040 330.4524 0015195 128.2493 232.0049 14.13004434943952
1 28654U 05018A   23256.65194337  .00000347  00000-0  20987-3 0  9998
2 28654  98.9040 330.5933 0015198 127.8735 232.3814 14.13004505944069
1 28654U 05018A   23256.93518621  .00000318  00000-0  19397-3 0  9996
2 28654  98.9040 330.8749 0015207 127.0904 233.1661 14.13004501944018
1 28654U 05018A   23257.14761820  .00000321  00000-0  19598-3 0  9998
2 28654  98.9039 331.0862 0015208 126.5224 233.7351 14.13004660944136
1 28654U 05018A   23257.36005020  .00000331  00000-0  20093-3 0  9998
2 28654  98.9039 331.2975 0015216 125.9435 234.3151 14.13004829944164
1 28654U 05018A   23257.50167154  .00000346  00000-0  20897-3 0  9999
2 28654  98.9039 331.4382 0015218 125.5727 234.6866 14.13004952944095
1 28654U 05018A   23257.78491415  .00000326  00000-0  19842-3 0  9995
2 28654  98.9039 331.7200 0015227 124.8224 235.4383 14.13005064944224
1 28654U 05018A   23257.85572480  .00000295  00000-0  18167-3 0  9999
2 28654  98.9038 331.7903 0015231 124.6190 235.6420 14.13004923944146
1 28654U 05018A   23258.13896732  .00000337  00000-0  20423-3 0  9995
2 28654  98.9038 332.0720 0015236 123.8624 236.4000 14.13005306944278
1 28654U 05018A   23258.35139918  .00000339  00000-0  20555-3 0  9993
2 28654  98.9037 332.2832 0015244 123.2880 236.9754 14.13005454944309
1 28654U 05018A   23258.49302049  .00000305  00000-0  18696-3 0  9991
2 28654  98.9037 332.4241 0015247 122.9255 237.3386 14.13005327944237
1 28654U 05018A   23258.70545234  .00000291  00000-0  17959-3 0  9995
2 28654  98.9037 332.6354 0015251 122.3659 237.8992 14.13005412944357
1 28654U 05018A   23259.05950525  .00000290  00000-0  17925-3 0  9999
2 28654  98.9036 332.9874 0015251 121.4096 238.8570 14.13005639944401
1 28654U 05018A   23259.34274752  .00000324  00000-0  19710-3 0  9994
2 28654  98.9036 333.2691 0015255 120.6654 239.6023 14.13005996944449
1 28654U 05018A   23259.48436874  .00000310  00000-0  19007-3 0  9998
2 28654  98.9036 333.4099 0015255 120.2936 239.9748 14.13005988944372
1 28654U 05018A   23259.69680047  .00000289  00000-0  17845-3 0  9997
2 28654  98.9036 333.6212 0015255 119.7440 240.5252 14.13006062944499
1 28654U 05018A   23260.05085319  .00000310  00000-0  18966-3 0  9990
2 28654  98.9035 333.9732 0015273 118.7979 241.4729 14.13006419944545
1 28654U 05018A   23260.40490578  .00000338  00000-0  20502-3 0  9995
2 28654  98.9034 334.3253 0015278 117.8765 242.3956 14.13006899944594
1 28654U 05018A   23260.54652682  .00000326  00000-0  19842-3 0  9998
2 28654  98.9034 334.4661 0015274 117.5075 242.7651 14.13006954944526
1 28654U 05018A   23260.68814786  .00000314  00000-0  19194-3 0  9995
2 28654  98.9034 334.6070 0015270 117.1426 243.1305 14.13007018944639
1 28654U 05018A   23261.11301101  .00000325  00000-0  19778-3 0  9996
2 28654  98.9033 335.0294 0015267 116.0230 244.2516 14.13007358944697
1 28654U 05018A   23261.39625313  .00000297  00000-0  18303-3 0  9991
2 28654  98.9032 335.3110 0015271 115.2937 244.9819 14.13007370944738
1 28654U 05018A   23261.53787411  .00000300  00000-0  18438-3 0  9999
2 28654  98.9032 335.4519 0015275 114.9164 245.3597 14.13007495944662
1 28654U 05018A   23261.75030558  .00000282  00000-0  17491-3 0  9993
2 28654  98.9032 335.6632 0015273 114.3623 245.9145 14.13007588944783
1 28654U 05018A   23261.82111600  .00000302  00000-0  18561-3 0  9991
2 28654  98.9032 335.7335 0015276 114.1601 246.1170 14.13007765944701
1 28654U 05018A   23262.10435787  .00000304  00000-0  18661-3 0  9991
2 28654  98.9031 336.0152 0015283 113.3994 246.8787 14.13007998944838
1 28654U 05018A   23262.38759958  .00000317  00000-0  19379-3 0  9991
2 28654  98.9030 336.2968 0015298 112.6671 247.6120 14.13008297944871
1 28654U 05018A   23262.74165169  .00000314  00000-0  19204-3 0  9990
2 28654  98.9030 336.6489 0015289 111.7474 248.5327 14.13008580944924
1 28654U 05018A   23263.09570377  .00000318  00000-0  19405-3 0  9997
2 28654  98.9029 337.0009 0015295 110.7995 249.4817 14.13008887944978
1 28654U 05018A   23263.37894546  .00000327  00000-0  19909-3 0  9994
2 28654  98.9029 337.2825 0015298 110.0555 250.2265 14.13009150945011
1 28654U 05018A   23263.52056626  .00000327  00000-0  19867-3 0  9993
2 28654  98.9029 337.4233 0015298 109.6621 250.6203 14.13009249944940
1 28654U 05018A   23263.73299747  .00000314  00000-0  19180-3 0  9993
2 28654  98.9029 337.6346 0015300 109.0992 251.1838 14.13009358945061
1 28654U 05018A   23263.87461834  .00000301  00000-0  18481-3 0  9995
2 28654  98.9029 337.7754 0015307 108.6906 251.5929 14.13009365944996
1 28654U 05018A   23264.08704948  .00000300  00000-0  18420-3 0  9997
2 28654  98.9028 337.9866 0015309 108.1290 252.1551 14.13009515945114
1 28654U 05018A   23264.37029090  .00000325  00000-0  19768-3 0  9990
2 28654  98.9028 338.2682 0015310 107.3967 252.8881 14.13009865945153
1 28654U 05018A   23264.51191168  .00000304  00000-0  18638-3 0  9994
2 28654  98.9028 338.4090 0015315 107.0190 253.2661 14.13009852945087
1 28654U 05018A   23264.72434273  .00000314  00000-0  19200-3 0  9991
2 28654  98.9028 338.6202 0015319 106.4666 253.8191 14.13010036945203
1 28654U 05018A   23264.93677374  .00000320  00000-0  19505-3 0  9990
2 28654  98.9027 338.8314 0015322 105.8966 254.3895 14.13010219945141
1 28654U 05018A   23265.07839441  .00000321  00000-0  19543-3 0  9994
2 28654  98.9027 338.9723 0015321 105.5254 254.7611 14.13010324945251
1 28654U 05018A   23265.36163577  .00000339  00000-0  20525-3 0  9997
2 28654  98.9027 339.2539 0015325 104.7710 255.5161 14.13010594945294
1 28654U 05018A   23265.50325640  .00000332  00000-0  20178-3 0  9991
2 28654  98.9027 339.3947 0015326 104.3926 255.8948 14.13010679945227
1 28654U 05018A   23265.71568732  .00000332  00000-0  20149-3 0  9993
2 28654  98.9027 339.6059 0015319 103.8244 256.4634 14.13010824945347
1 28654U 05018A   23265.85730789  .00000334  00000-0  20281-3 0  9990
2 28654  98.9027 339.7468 0015320 103.4607 256.8273 14.13010930945276
1 28654U 05018A   23266.14054904  .00000331  00000-0  20126-3 0  9996
2 28654  98.9026 340.0284 0015318 102.7094 257.5792 14.13011131945408
1 28654U 05018A   23266.49460050  .00000315  00000-0  19246-3 0  9990
2 28654  98.9026 340.3805 0015315 101.7749 258.5142 14.13011267945458
1 28654U 05018A   23266.77784158  .00000303  00000-0  18617-3 0  9997
2 28654  98.9026 340.6621 0015304 101.0297 259.2597 14.13011408945499
1 28654U 05018A   23267.13189276  .00000304  00000-0  18659-3 0  9995
2 28654  98.9025 341.0141 0015301 100.0975 260.1924 14.13011690945543
1 28654U 05018A   23267.41513376  .00000296  00000-0  18243-3 0  9997
2 28654  98.9025 341.2957 0015305  99.3570 260.9334 14.13011862945583
1 28654U 05018A   23267.48594400  .00000312  00000-0  19060-3 0  9998
2 28654  98.9025 341.3661 0015309  99.1674 261.1231 14.13011990945506
1 28654U 05018A   23267.76918490  .00000308  00000-0  18853-3 0  9992
2 28654  98.9025 341.6478 0015294  98.4280 261.8626 14.13012157945638
1 28654U 05018A   23267.91080531  .00000309  00000-0  18899-3 0  9996
2 28654  98.9025 341.7886 0015299  98.0493 262.2416 14.13012254945561
1 28654U 05018A   23268.12323592  .00000305  00000-0  18702-3 0  9996
2 28654  98.9024 341.9998 0015293  97.4914 262.7996 14.13012411945687
1 28654U 05018A   23268.33566594  .00000414  00000-0  24525-3 0  9991
2 28654  98.9024 342.2110 0015290  96.9304 263.3608 14.13013302945712
1 28654U 05018A   23268.54809685  .00000359  00000-0  21579-3 0  9999
2 28654  98.9024 342.4222 0015295  96.3692 263.9222 14.13013079945659
1 28654U 05018A   23268.76052739  .00000346  00000-0  20902-3 0  9998
2 28654  98.9024 342.6334 0015294  95.8152 264.4764 14.13013198945771
1 28654U 05018A   23268.83133756  .00000335  00000-0  20332-3 0  9990
2 28654  98.9024 342.7038 0015295  95.6172 264.6744 14.13013203945692
1 28654U 05018A   23269.11457819  .00000333  00000-0  20223-3 0  9998
2 28654  98.9023 342.9854 0015289  94.8657 265.4261 14.13013428945828
1 28654U 05018A   23269.39781888  .00000320  00000-0  19519-3 0  9996
2 28654  98.9023 343.2670 0015289  94.1313 266.1607 14.13013553945865
1 28654U 05018A   23269.53943895  .00000353  00000-0  21270-3 0  9993
2 28654  98.9023 343.4078 0015291  93.7598 266.5322 14.13013890945796
1 28654U 05018A   23269.75186937  .00000339  00000-0  20536-3 0  9991
2 28654  98.9023 343.6190 0015297  93.1829 267.1093 14.13014022945914
1 28654U 05018A   23269.89348959  .00000335  00000-0  20323-3 0  9990
2 28654  98.9023 343.7598 0015298  92.8083 267.4840 14.13014117945846
1 28654U 05018A   23270.10591993  .00000331  00000-0  20092-3 0  9993
2 28654  98.9023 343.9710 0015296  92.2550 268.0373 14.13014280945967
1 28654U 05018A   23270.31835029  .00000323  00000-0  19688-3 0  9997
2 28654  98.9023 344.1822 0015295  91.6958 268.5966 14.13014406945994
1 28654U 05018A   23270.45997054  .00000317  00000-0  19371-3 0  9991
2 28654  98.9023 344.3230 0015288  91.3090 268.9833 14.13014465945920
1 28654U 05018A   23270.74321091  .00000311  00000-0  19057-3 0  9990
2 28654  98.9022 344.6046 0015284  90.5575 269.7348 14.13014664946058
1 28654U 05018A   23271.09726122  .00000310  00000-0  18997-3 0  9994
2 28654  98.9022 344.9566 0015279  89.6135 270.6788 14.13014952946108
1 28654U 05018A   23271.45131156  .00000312  00000-0  19073-3 0  9999
2 28654  98.9022 345.3086 0015278  88.6888 271.6034 14.13015221946153
1 28654U 05018A   23271.52212161  .00000311  00000-0  19058-3 0  9995
2 28654  98.9022 345.3790 0015277  88.5038 271.7883 14.13015278946076
1 28654U 05018A   23271.73455175  .00000309  00000-0  18920-3 0  9996
2 28654  98.9022 345.5902 0015273  87.9346 272.3575 14.13015430946192
1 28654U 05018A   23271.87617180  .00000308  00000-0  18870-3 0  9990
2 28654  98.9021 345.7311 0015268  87.5543 272.7377 14.13015511946123
1 28654U 05018A   23272.01779185  .00000307  00000-0  18838-3 0  9994
2 28654  98.9021 345.8719 0015266  87.1865 273.1054 14.13015616946232
1 28654U 05018A   23272.44265189  .00000326  00000-0  19815-3 0  9992
2 28654  98.9021 346.2943 0015260  86.0667 274.2249 14.13016048946292
1 28654U 05018A   23272.51346189  .00000327  00000-0  19912-3 0  9999
2 28654  98.9021 346.3647 0015260  85.8795 274.4121 14.13016109946214
1 28654U 05018A   23272.79670187  .00000330  00000-0  20066-3 0  9993
2 28654  98.9020 346.6463 0015258  85.1281 275.1633 14.13016327946344
1 28654U 05018A   23273.15075177  .00000350  00000-0  21105-3 0  9999
2 28654  98.9020 346.9983 0015254  84.1882 276.1028 14.13016658946397
1 28654U 05018A   23273.22156174  .00000352  00000-0  21204-3 0  9996
2 28654  98.9020 347.0687 0015254  83.9973 276.2937 14.13016718946317
1 28654U 05018A   23273.50480159  .00000330  00000-0  20075-3 0  9991
2 28654  98.9020 347.3503 0015257  83.2285 277.0623 14.13016845946445
1 28654U 05018A   23273.78804144  .00000312  00000-0  19100-3 0  9992
2 28654  98.9019 347.6319 0015253  82.4791 277.8114 14.13016980946487
1 28654U 05018A   23274.14209089  .00000375  00000-0  22463-3 0  9995
2 28654  98.9018 347.9839 0015242  81.5380 278.7518 14.13017624946538
1 28654U 05018A   23274.49614051  .00000355  00000-0  21364-3 0  9999
2 28654  98.9018 348.3359 0015238  80.6158 279.6736 14.13017764946580
1 28654U 05018A   23274.56695043  .00000343  00000-0  20755-3 0  9997
2 28654  98.9018 348.4063 0015232  80.4144 279.8749 14.13017777946502
1 28654U 05018A   23274.77938008  .00000346  00000-0  20908-3 0  9994
2 28654  98.9017 348.6175 0015232  79.8454 280.4435 14.13017970946621
1 28654U 05018A   23274.92099982  .00000357  00000-0  21468-3 0  9994
2 28654  98.9017 348.7583 0015229  79.4693 280.8194 14.13018131946550
1 28654U 05018A   23275.13342946  .00000352  00000-0  21222-3 0  9992
2 28654  98.9016 348.9694 0015225  78.9035 281.3848 14.13018282946676
1 28654U 05018A   23275.41666896  .00000357  00000-0  21519-3 0  9990
2 28654  98.9016 349.2510 0015223  78.1538 282.1341 14.13018538946711
1 28654U 05018A   23275.77071822  .00000342  00000-0  20700-3 0  9993
2 28654  98.9015 349.6030 0015210  77.2067 283.0804 14.13018743946671
1 28654U 05018A   23275.77071822  .00000342  00000-0  20700-3 0  9993
2 28654  98.9015 349.6030 0015210  77.2067 283.0804 14.13018743946761
1 28654U 05018A   23276.19557726  .00000350  00000-0  21096-3 0  9990
2 28654  98.9014 350.0254 0015199  76.0717 284.2144 14.13019111946826
1 28654U 05018A   23276.40800674  .00000342  00000-0  20671-3 0  9996
2 28654  98.9014 350.2366 0015197  75.5144 284.7713 14.13019244946855
1 28654U 05018A   23276.54962636  .00000339  00000-0  20546-3 0  9995
2 28654  98.9014 350.3774 0015192  75.1411 285.1443 14.13019356946788
1 28654U 05018A   23276.83286552  .00000347  00000-0  20954-3 0  9995
2 28654  98.9013 350.6590 0015187  74.3904 285.8943 14.13019656946918
1 28654U 05018A   23276.90367531  .00000347  00000-0  20956-3 0  9992
2 28654  98.9013 350.7294 0015185  74.2032 286.0813 14.13019708946837
1 28654U 05018A   23277.18691442  .00000361  00000-0  21735-3 0  9996
2 28654  98.9013 351.0109 0015174  73.4455 286.8382 14.13020055946964
1 28654U 05018A   23277.47015348  .00000361  00000-0  21719-3 0  9995
2 28654  98.9013 351.2925 0015170  72.7040 287.5791 14.13020303947004
1 28654U 05018A   23277.54096319  .00000372  00000-0  22317-3 0  9997
2 28654  98.9012 351.3629 0015166  72.5201 287.7628 14.13020454946925
1 28654U 05018A   23277.75339243  .00000371  00000-0  22269-3 0  9991
2 28654  98.9012 351.5741 0015158  71.9391 288.3431 14.13020638947043
1 28654U 05018A   23277.89501190  .00000372  00000-0  22301-3 0  9996
2 28654  98.9012 351.7149 0015153  71.5489 288.7328 14.13020757946978
1 28654U 05018A   23278.10744109  .00000369  00000-0  22150-3 0  9998
2 28654  98.9012 351.9261 0015144  70.9987 289.2824 14.13020939947094
1 28654U 05018A   23278.46148962  .00000409  00000-0  24296-3 0  9990
2 28654  98.9012 352.2781 0015136  70.0437 290.2364 14.13021497947144
1 28654U 05018A   23278.53229928  .00000407  00000-0  24163-3 0  9991
2 28654  98.9012 352.3485 0015134  69.8669 290.4130 14.13021557947068
1 28654U 05018A   23278.81553807  .00000390  00000-0  23272-3 0  9999
2 28654  98.9012 352.6301 0015127  69.1006 291.1784 14.13021763947194
1 28654U 05018A   23278.88634782  .00000372  00000-0  22307-3 0  9996
2 28654  98.9011 352.7005 0015126  68.9204 291.3583 14.13021720947115
1 28654U 05018A   23279.09877687  .00000369  00000-0  22117-3 0  9998
2 28654  98.9011 352.9117 0015120  68.3513 291.9267 14.13021902947232
1 28654U 05018A   23279.45282522  .00000407  00000-0  24153-3 0  9991
2 28654  98.9011 353.2637 0015110  67.4040 292.8728 14.13022418947287
1 28654U 05018A   23279.52363482  .00000399  00000-0  23738-3 0  9992
2 28654  98.9011 353.3341 0015108  67.2221 293.0546 14.13022459947204
1 28654U 05018A   23279.73606375  .00000395  00000-0  23519-3 0  9999
2 28654  98.9011 353.5453 0015105  66.6527 293.6233 14.13022651947325
1 28654U 05018A   23279.87768303  .00000386  00000-0  23069-3 0  9994
2 28654  98.9011 353.6860 0015105  66.2767 293.9988 14.13022734947254
1 28654U 05018A   23280.09011192  .00000383  00000-0  22863-3 0  9995
2 28654  98.9011 353.8972 0015098  65.7127 294.5621 14.13022911947376
1 28654U 05018A   23280.44416010  .00000375  00000-0  22481-3 0  9999
2 28654  98.9011 354.2492 0015094  64.7703 295.5032 14.13023134947424
1 28654U 05018A   23280.51496972  .00000391  00000-0  23335-3 0  9999
2 28654  98.9011 354.3196 0015092  64.5893 295.6839 14.13023262947341
1 28654U 05018A   23280.79820812  .00000385  00000-0  22988-3 0  9999
2 28654  98.9010 354.6012 0015086  63.8281 296.4441 14.13023483947473
1 28654U 05018A   23280.86901769  .00000392  00000-0  23389-3 0  9992
2 28654  98.9010 354.6716 0015084  63.6380 296.6339 14.13023568947393
1 28654U 05018A   23281.15225602  .00000389  00000-0  23195-3 0  9991
2 28654  98.9010 354.9531 0015072  62.8780 297.3928 14.13023796947523
1 28654U 05018A   23281.43549429  .00000405  00000-0  24063-3 0  9992
2 28654  98.9010 355.2347 0015063  62.1442 298.1254 14.13024101947566
1 28654U 05018A   23281.50630385  .00000410  00000-0  24307-3 0  9999
2 28654  98.9010 355.3050 0015059  61.9486 298.3207 14.13024184947480
1 28654U 05018A   23281.78954203  .00000413  00000-0  24509-3 0  9994
2 28654  98.9010 355.5866 0015053  61.1870 299.0811 14.13024452947612
1 28654U 05018A   23281.86035154  .00000417  00000-0  24695-3 0  9998
2 28654  98.9010 355.6570 0015049  60.9858 299.2820 14.13024511947532
1 28654U 05018A   23282.14358965  .00000418  00000-0  24777-3 0  9990
2 28654  98.9009 355.9386 0015043  60.2441 300.0226 14.13024770947665
1 28654U 05018A   23282.28520871  .00000422  00000-0  24967-3 0  9998
2 28654  98.9009 356.0794 0015039  59.8768 300.3892 14.13024914947685
1 28654U 05018A   23282.56844681  .00000408  00000-0  24200-3 0  9991
2 28654  98.9009 356.3610 0015036  59.1280 301.1368 14.13025072947632
1 28654U 05018A   23282.78087531  .00000405  00000-0  24051-3 0  9999
2 28654  98.9009 356.5721 0015028  58.5522 301.7117 14.13025232947759
1 28654U 05018A   23282.85168467  .00000430  00000-0  25376-3 0  9994
2 28654  98.9009 356.6425 0015022  58.3439 301.9196 14.13025438947678
1 28654U 05018A   23283.13492255  .00000425  00000-0  25131-3 0  9994
2 28654  98.9009 356.9241 0015008  57.5687 302.6935 14.13025684947804
1 28654U 05018A   23283.48896987  .00000431  00000-0  25444-3 0  9996
2 28654  98.9009 357.2761 0014998  56.6303 303.6302 14.13026028947854
1 28654U 05018A   23283.55977933  .00000439  00000-0  25866-3 0  9991
2 28654  98.9009 357.3465 0014995  56.4460 303.8142 14.13026135947779
1 28654U 05018A   23283.77220769  .00000415  00000-0  24604-3 0  9996
2 28654  98.9009 357.5577 0014985  55.8694 304.3897 14.13026227947894
1 28654U 05018A   23283.84301711  .00000407  00000-0  24156-3 0  9994
2 28654  98.9009 357.6280 0014982  55.6720 304.5867 14.13026229947814
1 28654U 05018A   23284.19706421  .00000407  00000-0  24150-3 0  9994
2 28654  98.9008 357.9800 0014965  54.7040 305.5529 14.13026555947953
1 28654U 05018A   23284.48030191  .00000417  00000-0  24730-3 0  9995
2 28654  98.9008 358.2616 0014956  53.9485 306.3070 14.13026855947993
1 28654U 05018A   23284.62192069  .00000419  00000-0  24828-3 0  9994
2 28654  98.9008 358.4023 0014950  53.5695 306.6853 14.13027016947925
1 28654U 05018A   23284.76353948  .00000412  00000-0  24463-3 0  9992
2 28654  98.9008 358.5431 0014944  53.1937 307.0604 14.13027113948037
1 28654U 05018A   23285.18839572  .00000414  00000-0  24542-3 0  9991
2 28654  98.9007 358.9655 0014921  51.9964 308.2553 14.13027518948090
1 28654U 05018A   23285.47163314  .00000416  00000-0  24640-3 0  9998
2 28654  98.9007 359.2470 0014907  51.2206 309.0295 14.13027786948139
1 28654U 05018A   23285.61325181  .00000424  00000-0  25083-3 0  9997
2 28654  98.9007 359.3878 0014901  50.8474 309.4020 14.13027980948066
1 28654U 05018A   23285.75487049  .00000423  00000-0  25051-3 0  9998
2 28654  98.9007 359.5286 0014894  50.4427 309.8059 14.13028105948174
1 28654U 05018A   23285.89648913  .00000417  00000-0  24718-3 0  9994
2 28654  98.9007 359.6694 0014887  50.0335 310.2142 14.13028214948107
1 28654U 05018A   23286.17972649  .00000408  00000-0  24204-3 0  9992
2 28654  98.9006 359.9509 0014874  49.2713 310.9748 14.13028419948230
1 28654U 05018A   23286.46296372  .00000410  00000-0  24309-3 0  9995
2 28654  98.9006   0.2325 0014865  48.4851 311.7593 14.13028704948274
1 28654U 05018A   23286.53377288  .00000439  00000-0  25907-3 0  9995
2 28654  98.9006   0.3029 0014862  48.2982 311.9458 14.13028985948190
1 28654U 05018A   23286.81700988  .00000472  00000-0  27646-3 0  9992
2 28654  98.9006   0.5844 0014852  47.5186 312.7239 14.13029462948326
1 28654U 05018A   23286.88781914  .00000471  00000-0  27603-3 0  9999
2 28654  98.9006   0.6548 0014848  47.3330 312.9091 14.13029529948245
1 28654U 05018A   23287.17105630  .00000449  00000-0  26427-3 0  9995
2 28654  98.9005   0.9364 0014835  46.5673 313.6731 14.13029677948377
1 28654U 05018A   23287.45429329  .00000444  00000-0  26142-3 0  9999
2 28654  98.9005   1.2180 0014825  45.8012 314.4376 14.13029943948410
1 28654U 05018A   23287.52510257  .00000432  00000-0  25517-3 0  9990
2 28654  98.9005   1.2884 0014825  45.6386 314.5998 14.13029942948334
1 28654U 05018A   23287.80833954  .00000420  00000-0  24873-3 0  9994
2 28654  98.9005   1.5699 0014816  44.8648 315.3719 14.13030163948464
1 28654U 05018A   23287.87914877  .00000418  00000-0  24764-3 0  9991
2 28654  98.9005   1.6403 0014814  44.6736 315.5627 14.13030216948382
1 28654U 05018A   23288.16238570  .00000428  00000-0  25273-3 0  9990
2 28654  98.9004   1.9219 0014804  43.9203 316.3143 14.13030513948516
1 28654U 05018A   23288.44562258  .00000413  00000-0  24504-3 0  9994
2 28654  98.9004   2.2034 0014795  43.1779 317.0551 14.13030681948555
1 28654U 05018A   23288.51643179  .00000411  00000-0  24409-3 0  9996
2 28654  98.9004   2.2738 0014793  42.9873 317.2452 14.13030742948477
1 28654U 05018A   23288.79966859  .00000395  00000-0  23534-3 0  9998
2 28654  98.9004   2.5553 0014785  42.2247 318.0061 14.13030941948605
1 28654U 05018A   23288.87047776  .00000398  00000-0  23672-3 0  9991
2 28654  98.9003   2.6257 0014784  42.0405 318.1899 14.13030996948520
1 28654U 05018A   23289.15371446  .00000396  00000-0  23592-3 0  9996
2 28654  98.9003   2.9073 0014772  41.2683 318.9603 14.13031245948658
1 28654U 05018A   23289.29533282  .00000403  00000-0  23938-3 0  9992
2 28654  98.9003   3.0481 0014767  40.8977 319.3300 14.13031389948678
1 28654U 05018A   23289.43695114  .00000399  00000-0  23730-3 0  9995
2 28654  98.9002   3.1888 0014762  40.5229 319.7039 14.13031502948693
1 28654U 05018A   23289.57856953  .00000372  00000-0  22296-3 0  9997
2 28654  98.9002   3.3296 0014756  40.1473 320.0786 14.13031484948624
1 28654U 05018A   23289.72018783  .00000378  00000-0  22612-3 0  9993
2 28654  98.9002   3.4704 0014752  39.7538 320.4712 14.13031618948735
1 28654U 05018A   23289.86180606  .00000393  00000-0  23444-3 0  9993
2 28654  98.9001   3.6111 0014746  39.3763 320.8478 14.13031801948666
1 28654U 05018A   23290.07423346  .00000395  00000-0  23516-3 0  9991
2 28654  98.9001   3.8223 0014736  38.7965 321.4263 14.13031983948781
1 28654U 05018A   23290.49908828  .00000391  00000-0  23341-3 0  9992
2 28654  98.9000   4.2446 0014712  37.6310 322.5888 14.13032277948847
1 28654U 05018A   23290.56989739  .00000399  00000-0  23740-3 0  9991
2 28654  98.9000   4.3150 0014709  37.4349 322.7845 14.13032354948768
1 28654U 05018A   23290.78232472  .00000390  00000-0  23253-3 0  9990
2 28654  98.9000   4.5262 0014704  36.8521 323.3659 14.13032493948881
1 28654U 05018A   23291.20717936  .00000387  00000-0  23105-3 0  9993
2 28654  98.8999   4.9485 0014686  35.6719 324.5431 14.13032782948852
1 28654U 05018A   23291.20717936  .00000387  00000-0  23105-3 0  9993
2 28654  98.8999   4.9485 0014686  35.6719 324.5431 14.13032782948942
1 28654U 05018A   23291.49041567  .00000377  00000-0  22543-3 0  9998
2 28654  98.8999   5.2300 0014670  34.8827 325.3304 14.13032963948989
1 28654U 05018A   23291.84446085  .00000419  00000-0  24788-3 0  9991
2 28654  98.8998   5.5820 0014655  33.9039 326.3066 14.13033497949032
1 28654U 05018A   23291.91526990  .00000419  00000-0  24804-3 0  9992
2 28654  98.8998   5.6523 0014650  33.7100 326.5001 14.13033551948957
1 28654U 05018A   23292.19850607  .00000422  00000-0  24970-3 0  9996
2 28654  98.8997   5.9339 0014636  32.8889 327.3191 14.13033825949080
1 28654U 05018A   23292.41093312  .00000414  00000-0  24551-3 0  9999
2 28654  98.8997   6.1450 0014624  32.2770 327.9294 14.13033991949115
1 28654U 05018A   23292.55255114  .00000430  00000-0  25376-3 0  9998
2 28654  98.8997   6.2858 0014618  31.9063 328.2992 14.13034188949042
1 28654U 05018A   23292.83578716  .00000415  00000-0  24581-3 0  9995
2 28654  98.8996   6.5673 0014604  31.1433 329.0602 14.13034386949178
1 28654U 05018A   23292.90659616  .00000418  00000-0  24746-3 0  9998
2 28654  98.8996   6.6377 0014602  30.9690 329.2340 14.13034456949090
1 28654U 05018A   23293.18983226  .00000373  00000-0  22343-3 0  9997
2 28654  98.8996   6.9192 0014584  30.1610 330.0399 14.13034448949221
1 28654U 05018A   23293.47306822  .00000357  00000-0  21495-3 0  9999
2 28654  98.8996   7.2008 0014568  29.3514 330.8474 14.13034600949262
1 28654U 05018A   23293.54387720  .00000365  00000-0  21939-3 0  9995
2 28654  98.8996   7.2711 0014565  29.1523 331.0459 14.13034692949186
1 28654U 05018A   23293.75630416  .00000353  00000-0  21297-3 0  9995
2 28654  98.8996   7.4823 0014557  28.5360 331.6606 14.13034818949309
1 28654U 05018A   23293.89792215  .00000329  00000-0  20014-3 0  9995
2 28654  98.8996   7.6230 0014552  28.1756 332.0200 14.13034825949238
1 28654U 05018A   23294.11034905  .00000326  00000-0  19814-3 0  9999
2 28654  98.8995   7.8342 0014541  27.5675 332.6265 14.13034991949358
1 28654U 05018A   23294.46439379  .00000337  00000-0  20420-3 0  9998
2 28654  98.8995   8.1861 0014525  26.5855 333.6059 14.13035367949405
1 28654U 05018A   23294.53520281  .00000293  00000-0  18085-3 0  9994
2 28654  98.8995   8.2564 0014520  26.3907 333.8001 14.13035181949321
1 28654U 05018A   23294.81843854  .00000289  00000-0  17844-3 0  9996
2 28654  98.8995   8.5379 0014510  25.6342 334.5547 14.13035415949459
1 28654U 05018A   23294.88924748  .00000290  00000-0  17914-3 0  9995
2 28654  98.8995   8.6083 0014507  25.4306 334.7577 14.13035464949376
1 28654U 05018A   23295.17248324  .00000286  00000-0  17673-3 0  9994
2 28654  98.8995   8.8899 0014489  24.6483 335.5378 14.13035663949503
1 28654U 05018A   23295.45571886  .00000268  00000-0  16726-3 0  9995
2 28654  98.8995   9.1714 0014475  23.8312 336.3527 14.13035795949545
1 28654U 05018A   23295.52652778  .00000271  00000-0  16870-3 0  9997
2 28654  98.8995   9.2418 0014473  23.6355 336.5479 14.13035855949466
1 28654U 05018A   23295.80976332  .00000305  00000-0  18712-3 0  9998
2 28654  98.8994   9.5233 0014465  22.8691 337.3123 14.13036294949595
1 28654U 05018A   23295.88057221  .00000305  00000-0  18697-3 0  9995
2 28654  98.8995   9.5937 0014461  22.6485 337.5322 14.13036327949514
1 28654U 05018A   23296.16380781  .00000300  00000-0  18454-3 0  9993
2 28654  98.8994   9.8752 0014445  21.8320 338.3465 14.13036485949648
1 28654U 05018A   23296.44704336  .00000298  00000-0  18313-3 0  9990
2 28654  98.8994  10.1567 0014435  21.0463 339.1300 14.13036675949688
1 28654U 05018A   23296.80108780  .00000274  00000-0  17061-3 0  9994
2 28654  98.8994  10.5086 0014422  20.0681 340.1055 14.13036793949731
1 28654U 05018A   23296.87189661  .00000284  00000-0  17599-3 0  9995
2 28654  98.8994  10.5790 0014421  19.8751 340.2980 14.13036916949652
1 28654U 05018A   23297.15513206  .00000281  00000-0  17452-3 0  9998
2 28654  98.8994  10.8605 0014406  19.0760 341.0949 14.13037100949789
1 28654U 05018A   23297.43836752  .00000267  00000-0  16665-3 0  9992
2 28654  98.8994  11.1421 0014392  18.2840 341.8847 14.13037197949739
1 28654U 05018A   23297.43836752  .00000267  00000-0  16665-3 0  9992
2 28654  98.8994  11.1421 0014392  18.2840 341.8847 14.13037197949829
1 28654U 05018A   23297.57998522  .00000258  00000-0  16215-3 0  9992
2 28654  98.8994  11.2828 0014383  17.8925 342.2751 14.13037241949751
1 28654U 05018A   23298.57130880  .00000282  00000-0  17461-3 0  9999
2 28654  98.8993  12.2681 0014334  15.1775 344.9824 14.13037911949987
1 28654U 05018A   23298.92535283  .00000277  00000-0  17191-3 0  9998
2 28654  98.8992  12.6200 0014314  14.1917 345.9655 14.13038126949940
1 28654U 05018A   23299.20858798  .00000289  00000-0  17829-3 0  9990
2 28654  98.8992  12.9015 0014303  13.3571 346.7977 14.13038377950072
1 28654U 05018A   23299.42101433  .00000287  00000-0  17723-3 0  9992
2 28654  98.8992  13.1127 0014292  12.7436 347.4094 14.13038493950100
1 28654U 05018A   23299.56263187  .00000282  00000-0  17501-3 0  9991
2 28654  98.8992  13.2534 0014283  12.3521 347.7998 14.13038565950032
1 28654U 05018A   23299.84586688  .00000295  00000-0  18162-3 0  9994
2 28654  98.8992  13.5349 0014269  11.5638 348.5859 14.13038840950168
1 28654U 05018A   23299.91667564  .00000297  00000-0  18294-3 0  9993
2 28654  98.8992  13.6053 0014266  11.3563 348.7928 14.13038894950082
1 28654U 05018A   23300.19991059  .00000322  00000-0  19604-3 0  9990
2 28654  98.8991  13.8868 0014250  10.5359 349.6109 14.13039249950215
1 28654U 05018A   23300.48314556  .00000321  00000-0  19553-3 0  9995
2 28654  98.8991  14.1684 0014234   9.7526 350.3919 14.13039434950251
1 28654U 05018A   23300.55395434  .00000301  00000-0  18510-3 0  9997
2 28654  98.8991  14.2387 0014230   9.5517 350.5923 14.13039368950170
1 28654U 05018A   23300.83718925  .00000307  00000-0  18829-3 0  9991
2 28654  98.8991  14.5202 0014213   8.7597 351.3820 14.13039601950309
1 28654U 05018A   23300.90799798  .00000303  00000-0  18625-3 0  9996
2 28654  98.8991  14.5906 0014209   8.5577 351.5835 14.13039631950223
1 28654U 05018A   23301.04961545  .00000300  00000-0  18457-3 0  9993
2 28654  98.8991  14.7314 0014202   8.1376 352.0024 14.13039703950332
1 28654U 05018A   23301.40365910  .00000310  00000-0  18972-3 0  9990
2 28654  98.8991  15.0832 0014188   7.1016 353.0355 14.13039970950383
1 28654U 05018A   23301.54527643  .00000319  00000-0  19484-3 0  9996
2 28654  98.8991  15.2240 0014183   6.6857 353.4502 14.13040154950317
1 28654U 05018A   23301.82851112  .00000337  00000-0  20411-3 0  9990
2 28654  98.8990  15.5055 0014166   5.9124 354.2212 14.13040497950444
1 28654U 05018A   23301.89931982  .00000328  00000-0  19937-3 0  9992
2 28654  98.8990  15.5759 0014161   5.7158 354.4173 14.13040511950361
1 28654U 05018A   23302.18255455  .00000345  00000-0  20877-3 0  9993
2 28654  98.8990  15.8574 0014147   4.8911 355.2397 14.13040832950497
1 28654U 05018A   23302.46578922  .00000342  00000-0  20682-3 0  9992
2 28654  98.8990  16.1389 0014131   4.0836 356.0449 14.13041024950532
1 28654U 05018A   23302.53659793  .00000319  00000-0  19476-3 0  9999
2 28654  98.8990  16.2093 0014128   3.8490 356.2788 14.13040962950453
1 28654U 05018A   23302.74902388  .00000324  00000-0  19738-3 0  9990
2 28654  98.8989  16.4204 0014117   3.2690 356.8571 14.13041165950576
1 28654U 05018A   23302.89064113  .00000344  00000-0  20796-3 0  9999
2 28654  98.8989  16.5612 0014112   2.8637 357.2613 14.13041355950507
1 28654U 05018A   23303.17387567  .00000350  00000-0  21123-3 0  9994
2 28654  98.8989  16.8427 0014098   2.0524 358.0704 14.13041620950633
1 28654U 05018A   23303.45711028  .00000328  00000-0  19924-3 0  9999
2 28654  98.8988  17.1242 0014088   1.2217 358.8987 14.13041694950676
1 28654U 05018A   23303.81115330  .00000342  00000-0  20668-3 0  9996
2 28654  98.8988  17.4761 0014071   0.2325 359.8851 14.13042071950723
1 28654U 05018A   23303.88196189  .00000347  00000-0  20982-3 0  9998
2 28654  98.8988  17.5465 0014068   0.0300   0.0871 14.13042146950643
1 28654U 05018A   23304.16519634  .00000331  00000-0  20104-3 0  9993
2 28654  98.8987  17.8280 0014056 359.1973   0.9174 14.13042266950773
1 28654U 05018A   23304.44843073  .00000324  00000-0  19736-3 0  9992
2 28654  98.8987  18.1095 0014045 358.3701   1.7423 14.13042446950810
1 28654U 05018A   23304.51923933  .00000317  00000-0  19359-3 0  9997
2 28654  98.8987  18.1799 0014043 358.1564   1.9554 14.13042469950737
1 28654U 05018A   23304.80247361  .00000326  00000-0  19854-3 0  9993
2 28654  98.8986  18.4613 0014027 357.3612   2.7483 14.13042734950860
1 28654U 05018A   23304.87328217  .00000331  00000-0  20080-3 0  9999
2 28654  98.8986  18.5317 0014021 357.1539   2.9551 14.13042791950784
1 28654U 05018A   23305.15651643  .00000337  00000-0  20423-3 0  9990
2 28654  98.8986  18.8132 0014009 356.3323   3.7745 14.13043030950916
1 28654U 05018A   23305.43975062  .00000322  00000-0  19613-3 0  9998
2 28654  98.8985  19.0947 0013994 355.5214   4.5831 14.13043144950959
1 28654U 05018A   23305.51055917  .00000317  00000-0  19349-3 0  9995
2 28654  98.8985  19.1650 0013991 355.3150   4.7889 14.13043185950876
1 28654U 05018A   23305.79379336  .00000299  00000-0  18410-3 0  9996
2 28654  98.8985  19.4465 0013974 354.5470   5.5548 14.13043363951005
1 28654U 05018A   23305.93541038  .00000312  00000-0  19070-3 0  9991
2 28654  98.8985  19.5873 0013967 354.1259   5.9747 14.13043497950936
1 28654U 05018A   23306.21864441  .00000336  00000-0  20395-3 0  9997
2 28654  98.8984  19.8688 0013958 353.3058   6.7925 14.13043847951061
1 28654U 05018A   23306.50187844  .00000340  00000-0  20586-3 0  9991
2 28654  98.8984  20.1503 0013945 352.4966   7.5995 14.13044045951108
1 28654U 05018A   23306.57268694  .00000341  00000-0  20660-3 0  9995
2 28654  98.8984  20.2206 0013942 352.2933   7.8023 14.13044107951023
1 28654U 05018A   23306.78511247  .00000319  00000-0  19482-3 0  9998
2 28654  98.8984  20.4318 0013928 351.6958   8.3982 14.13044188951145
1 28654U 05018A   23306.92672946  .00000315  00000-0  19244-3 0  9990
2 28654  98.8983  20.5725 0013921 351.2795   8.8133 14.13044258951078
1 28654U 05018A   23307.20996338  .00000337  00000-0  20403-3 0  9999
2 28654  98.8983  20.8540 0013909 350.4522   9.6383 14.13044585951205
1 28654U 05018A   23307.49319725  .00000340  00000-0  20610-3 0  9993
2 28654  98.8983  21.1355 0013892 349.6388  10.4496 14.13044800951243
1 28654U 05018A   23307.56400567  .00000354  00000-0  21333-3 0  9994
2 28654  98.8983  21.2059 0013888 349.4241  10.6637 14.13044955951167
1 28654U 05018A   23307.77643105  .00000336  00000-0  20353-3 0  9995
2 28654  98.8982  21.4170 0013877 348.8164  11.2698 14.13045062951284
1 28654U 05018A   23307.91804798  .00000326  00000-0  19827-3 0  9991
2 28654  98.8982  21.5577 0013871 348.3897  11.6953 14.13045099951219
1 28654U 05018A   23308.20128173  .00000347  00000-0  20986-3 0  9991
2 28654  98.8982  21.8392 0013863 347.5473  12.5354 14.13045446951344
1 28654U 05018A   23308.48451543  .00000350  00000-0  21142-3 0  9990
2 28654  98.8982  22.1207 0013847 346.7271  13.3535 14.13045676951381
1 28654U 05018A   23308.55532385  .00000346  00000-0  20922-3 0  9992
2 28654  98.8982  22.1911 0013841 346.5169  13.5631 14.13045723951305
1 28654U 05018A   23308.76774910  .00000341  00000-0  20661-3 0  9992
2 28654  98.8982  22.4022 0013839 345.8626  14.2157 14.13045861951425
1 28654U 05018A   23308.90936577  .00000367  00000-0  22039-3 0  9996
2 28654  98.8981  22.5430 0013840 345.4076  14.6695 14.13046133951351
1 28654U 05018A   23309.19259930  .00000403  00000-0  23949-3 0  9991
2 28654  98.8981  22.8244 0013830 344.5640  15.5109 14.13046622951480
1 28654U 05018A   23309.47583278  .00000402  00000-0  23912-3 0  9996
2 28654  98.8981  23.1060 0013822 343.7217  16.3509 14.13046862951526
1 28654U 05018A   23309.54664122  .00000391  00000-0  23305-3 0  9995
2 28654  98.8981  23.1763 0013808 343.5480  16.5242 14.13046834951446
1 28654U 05018A   23309.82987459  .00000415  00000-0  24603-3 0  9996
2 28654  98.8981  23.4579 0013787 342.7505  17.3197 14.13047210951570
1 28654U 05018A   23309.90068216  .00000595  00000-0  34213-3 0  9993
2 28654  98.8981  23.5283 0013777 342.5685  17.5012 14.13048492951491