1 33591U 09005A   23208.12489704  .00000259  00000-0  16417-3 0  9993
2 33591  99.0971 254.6850 0014749 128.4024 231.8474 14.12793128745580
1 33591U 09005A   23208.40818112  .00000247  00000-0  15776-3 0  9997
2 33591  99.0971 254.9727 0014757 127.6852 232.5660 14.12793221745629
1 33591U 09005A   23208.54982317  .00000223  00000-0  14453-3 0  9996
2 33591  99.0971 255.1166 0014761 127.3372 232.9147 14.12793185745384
1 33591U 09005A   23208.76228618  .00000218  00000-0  14191-3 0  9990
2 33591  99.0970 255.3324 0014761 126.7848 233.4681 14.12793267745674
1 33591U 09005A   23208.83310717  .00000217  00000-0  14162-3 0  9997
2 33591  99.0970 255.4043 0014763 126.6073 233.6459 14.12793299745427
1 33591U 09005A   23209.11639117  .00000206  00000-0  13536-3 0  9999
2 33591  99.0970 255.6920 0014771 125.8744 234.3801 14.12793412745727
1 33591U 09005A   23209.39967517  .00000188  00000-0  12565-3 0  9997
2 33591  99.0970 255.9798 0014783 125.1179 235.1380 14.12793476745766
1 33591U 09005A   23209.54131714  .00000190  00000-0  12687-3 0  9994
2 33591  99.0970 256.1236 0014787 124.7472 235.5093 14.12793574745529
1 33591U 09005A   23209.75378007  .00000191  00000-0  12747-3 0  9993
2 33591  99.0970 256.3394 0014790 124.1722 236.0854 14.12793683745816
1 33591U 09005A   23210.10788485  .00000196  00000-0  13005-3 0  9992
2 33591  99.0969 256.6990 0014793 123.2533 237.0058 14.12793928745866
1 33591U 09005A   23210.39116863  .00000201  00000-0  13297-3 0  9998
2 33591  99.0970 256.9868 0014802 122.5059 237.7545 14.12794139745909
1 33591U 09005A   23210.74527339  .00000208  00000-0  13644-3 0  9994
2 33591  99.0969 257.3464 0014810 121.5691 238.6928 14.12794372745953
1 33591U 09005A   23211.09937798  .00000216  00000-0  14091-3 0  9993
2 33591  99.0969 257.7061 0014814 120.6540 239.6094 14.12794651746009
1 33591U 09005A   23211.38266173  .00000216  00000-0  14107-3 0  9995
2 33591  99.0969 257.9938 0014825 119.8956 240.3690 14.12794782746047
1 33591U 09005A   23211.73676627  .00000221  00000-0  14381-3 0  9993
2 33591  99.0969 258.3534 0014831 118.9605 241.3055 14.12795033746093
1 33591U 09005A   23212.09087072  .00000232  00000-0  14936-3 0  9991
2 33591  99.0969 258.7131 0014844 118.0142 242.2532 14.12795309746143
1 33591U 09005A   23212.37415422  .00000239  00000-0  15315-3 0  9995
2 33591  99.0969 259.0008 0014854 117.2713 242.9973 14.12795539746181
1 33591U 09005A   23212.72825868  .00000242  00000-0  15495-3 0  9996
2 33591  99.0969 259.3605 0014860 116.3211 243.9488 14.12795752746232
1 33591U 09005A   23213.08236294  .00000245  00000-0  15637-3 0  9996
2 33591  99.0969 259.7201 0014866 115.4222 244.8489 14.12795977746281
1 33591U 09005A   23213.79057143  .00000250  00000-0  15932-3 0  9992
2 33591  99.0968 260.4394 0014888 113.5412 246.7324 14.12796377746381
1 33591U 09005A   23214.07385472  .00000249  00000-0  15841-3 0  9990
2 33591  99.0968 260.7271 0014890 112.8072 247.4674 14.12796538746425
1 33591U 09005A   23214.42795886  .00000243  00000-0  15548-3 0  9991
2 33591  99.0968 261.0868 0014898 111.8948 248.3809 14.12796663746474
1 33591U 09005A   23214.71124206  .00000258  00000-0  16371-3 0  9996
2 33591  99.0968 261.3745 0014901 111.1443 249.1322 14.12796885746519
1 33591U 09005A   23215.13616673  .00000268  00000-0  16897-3 0  9991
2 33591  99.0967 261.8061 0014908 110.0295 250.2483 14.12797205746578
1 33591U 09005A   23215.34862918  .00000280  00000-0  17542-3 0  9991
2 33591  99.0967 262.0219 0014914 109.4778 250.8005 14.12797334746604
1 33591U 09005A   23215.77355378  .00000275  00000-0  17275-3 0  9992
2 33591  99.0967 262.4535 0014916 108.3685 251.9110 14.12797549746669
1 33591U 09005A   23216.12765752  .00000269  00000-0  16936-3 0  9999
2 33591  99.0966 262.8131 0014915 107.4476 252.8327 14.12797744746714
1 33591U 09005A   23216.41094054  .00000249  00000-0  15850-3 0  9993
2 33591  99.0966 263.1008 0014926 106.6932 253.5879 14.12797773746757
1 33591U 09005A   23216.76504422  .00000244  00000-0  15578-3 0  9998
2 33591  99.0965 263.4605 0014924 105.7596 254.5223 14.12797964746808
1 33591U 09005A   23217.11914773  .00000251  00000-0  15977-3 0  9993
2 33591  99.0965 263.8201 0014919 104.8428 255.4396 14.12798249746855
1 33591U 09005A   23217.40243049  .00000258  00000-0  16348-3 0  9996
2 33591  99.0965 264.1078 0014923 104.1006 256.1825 14.12798479746895
1 33591U 09005A   23217.75653398  .00000264  00000-0  16669-3 0  9999
2 33591  99.0964 264.4675 0014921 103.1755 257.1082 14.12798733746943
1 33591U 09005A   23218.11063719  .00000273  00000-0  17166-3 0  9995
2 33591  99.0964 264.8271 0014916 102.2513 258.0329 14.12799084746994
1 33591U 09005A   23218.39392007  .00000239  00000-0  15341-3 0  9995
2 33591  99.0964 265.1148 0014919 101.5054 258.7793 14.12799019747032
1 33591U 09005A   23218.81884406  .00000213  00000-0  13952-3 0  9999
2 33591  99.0963 265.5463 0014903 100.3632 259.9219 14.12799189747097
1 33591U 09005A   23219.17294733  .00000209  00000-0  13701-3 0  9994
2 33591  99.0963 265.9060 0014901  99.4458 260.8398 14.12799400747147
1 33591U 09005A   23219.38540924  .00000204  00000-0  13448-3 0  9996
2 33591  99.0963 266.1217 0014900  98.9018 261.3841 14.12799512747175
1 33591U 09005A   23219.81033292  .00000227  00000-0  14703-3 0  9999
2 33591  99.0962 266.5533 0014906  97.7833 262.5031 14.12799917747237
1 33591U 09005A   23220.09361535  .00000221  00000-0  14362-3 0  9990
2 33591  99.0962 266.8410 0014902  97.0622 263.2245 14.12800087747279
1 33591U 09005A   23220.37689775  .00000253  00000-0  16074-3 0  9997
2 33591  99.0962 267.1287 0014912  96.3236 263.9634 14.12800428747312
1 33591U 09005A   23220.73100077  .00000239  00000-0  15350-3 0  9990
2 33591  99.0962 267.4883 0014917  95.3828 264.9045 14.12800555747361
1 33591U 09005A   23221.08510365  .00000236  00000-0  15183-3 0  9995
2 33591  99.0961 267.8480 0014917  94.4682 265.8194 14.12800769747413
1 33591U 09005A   23221.36838609  .00000235  00000-0  15095-3 0  9991
2 33591  99.0961 268.1357 0014925  93.7172 266.5707 14.12800835747451
1 33591U 09005A   23221.72248895  .00000214  00000-0  13968-3 0  9997
2 33591  99.0961 268.4953 0014926  92.7828 267.5052 14.12800926747505
1 33591U 09005A   23222.14741224  .00000204  00000-0  13425-3 0  9995
2 33591  99.0961 268.9268 0014923  91.6818 268.6063 14.12801113747562
1 33591U 09005A   23222.35987389  .00000201  00000-0  13296-3 0  9995
2 33591  99.0961 269.1426 0014925  91.1273 269.1608 14.12801204747598
1 33591U 09005A   23222.78479713  .00000201  00000-0  13303-3 0  9998
2 33591  99.0961 269.5742 0014922  90.0155 270.2726 14.12801372747654
1 33591U 09005A   23223.06807923  .00000203  00000-0  13403-3 0  9991
2 33591  99.0961 269.8619 0014920  89.2711 271.0170 14.12801528747695
1 33591U 09005A   23223.42218185  .00000198  00000-0  13100-3 0  9994
2 33591  99.0961 270.2215 0014917  88.3559 271.9321 14.12801633747749
1 33591U 09005A   23223.70546386  .00000210  00000-0  13772-3 0  9992
2 33591  99.0960 270.5092 0014913  87.6237 272.6642 14.12801833747785
1 33591U 09005A   23224.13038681  .00000216  00000-0  14072-3 0  9994
2 33591  99.0960 270.9407 0014906  86.5053 273.7823 14.12802056747843
1 33591U 09005A   23224.41366876  .00000228  00000-0  14734-3 0  9993
2 33591  99.0960 271.2284 0014906  85.7670 274.5205 14.12802233747880
1 33591U 09005A   23224.83859154  .00000236  00000-0  15166-3 0  9994
2 33591  99.0959 271.6599 0014900  84.6480 275.6391 14.12802496747948
1 33591U 09005A   23225.12187335  .00000241  00000-0  15449-3 0  9992
2 33591  99.0959 271.9476 0014892  83.8965 276.3902 14.12802686747985
1 33591U 09005A   23225.47597559  .00000232  00000-0  14925-3 0  9991
2 33591  99.0959 272.3072 0014888  82.9783 277.3081 14.12802833748035
1 33591U 09005A   23225.75925735  .00000218  00000-0  14208-3 0  9991
2 33591  99.0959 272.5949 0014873  82.2367 278.0493 14.12802927748078
1 33591U 09005A   23226.11335950  .00000219  00000-0  14258-3 0  9992
2 33591  99.0958 272.9545 0014865  81.2878 278.9976 14.12803139748127
1 33591U 09005A   23226.39664120  .00000208  00000-0  13682-3 0  9994
2 33591  99.0958 273.2422 0014858  80.5550 279.7300 14.12803251748165
1 33591U 09005A   23226.75074326  .00000213  00000-0  13927-3 0  9995
2 33591  99.0957 273.6018 0014857  79.6315 280.6530 14.12803466748216
1 33591U 09005A   23227.10484523  .00000210  00000-0  13741-3 0  9990
2 33591  99.0957 273.9613 0014849  78.6952 281.5887 14.12803682748267
1 33591U 09005A   23227.38812681  .00000217  00000-0  14115-3 0  9993
2 33591  99.0957 274.2490 0014841  77.9658 282.3176 14.12803870748305
1 33591U 09005A   23227.67140833  .00000213  00000-0  13917-3 0  9993
2 33591  99.0956 274.5367 0014840  77.1885 283.0943 14.12804025748340
1 33591U 09005A   23228.09633046  .00000230  00000-0  14846-3 0  9994
2 33591  99.0956 274.9682 0014828  76.0770 284.2050 14.12804366748408
1 33591U 09005A   23228.37961190  .00000240  00000-0  15394-3 0  9999
2 33591  99.0956 275.2559 0014829  75.3423 284.9391 14.12804542748448
1 33591U 09005A   23228.73371360  .00000244  00000-0  15617-3 0  9995
2 33591  99.0955 275.6155 0014830  74.4059 285.8748 14.12804787748492
1 33591U 09005A   23229.08781519  .00000241  00000-0  15451-3 0  9998
2 33591  99.0954 275.9750 0014821  73.5129 286.7670 14.12805009748541
1 33591U 09005A   23229.44191684  .00000228  00000-0  14757-3 0  9999
2 33591  99.0954 276.3346 0014813  72.5932 287.6858 14.12805145748593
1 33591U 09005A   23229.79601837  .00000231  00000-0  14897-3 0  9992
2 33591  99.0953 276.6942 0014808  71.6671 288.6110 14.12805335748640
1 33591U 09005A   23230.15011991  .00000219  00000-0  14239-3 0  9996
2 33591  99.0953 277.0538 0014800  70.7316 289.5454 14.12805463748692
1 33591U 09005A   23230.36258077  .00000216  00000-0  14079-3 0  9996
2 33591  99.0953 277.2695 0014795  70.1843 290.0922 14.12805557748725
1 33591U 09005A   23230.78750238  .00000221  00000-0  14341-3 0  9996
2 33591  99.0952 277.7011 0014788  69.0495 291.2257 14.12805797748789
1 33591U 09005A   23231.14160373  .00000224  00000-0  14531-3 0  9996
2 33591  99.0951 278.0606 0014780  68.1074 292.1667 14.12806003748839
1 33591U 09005A   23231.42488477  .00000232  00000-0  14934-3 0  9991
2 33591  99.0951 278.3483 0014775  67.3676 292.9057 14.12806135748879
1 33591U 09005A   23231.84980623  .00000232  00000-0  14968-3 0  9994
2 33591  99.0950 278.7798 0014767  66.2418 294.0300 14.12806345748938
1 33591U 09005A   23232.13308712  .00000237  00000-0  15198-3 0  9991
2 33591  99.0950 279.0674 0014754  65.4872 294.7836 14.12806524748970
1 33591U 09005A   23232.48718821  .00000236  00000-0  15140-3 0  9991
2 33591  99.0949 279.4270 0014747  64.5645 295.7050 14.12806699749023
1 33591U 09005A   23232.77046906  .00000221  00000-0  14370-3 0  9999
2 33591  99.0949 279.7147 0014738  63.7884 296.4800 14.12806789749060
1 33591U 09005A   23233.12456998  .00000226  00000-0  14614-3 0  9991
2 33591  99.0948 280.0742 0014720  62.8554 297.4117 14.12807015749111
1 33591U 09005A   23233.47867092  .00000224  00000-0  14509-3 0  9991
2 33591  99.0948 280.4338 0014706  61.9325 298.3331 14.12807206749161
1 33591U 09005A   23233.76195161  .00000224  00000-0  14517-3 0  9993
2 33591  99.0947 280.7214 0014694  61.1650 299.0995 14.12807361749206
1 33591U 09005A   23234.11605236  .00000224  00000-0  14514-3 0  9999
2 33591  99.0947 281.0809 0014675  60.2049 300.0580 14.12807604749259
1 33591U 09005A   23234.47015317  .00000225  00000-0  14564-3 0  9999
2 33591  99.0947 281.4405 0014666  59.2876 300.9738 14.12807816749306
1 33591U 09005A   23234.68261359  .00000222  00000-0  14409-3 0  9996
2 33591  99.0946 281.6562 0014656  58.7192 301.5413 14.12807945749338
1 33591U 09005A   23235.10753443  .00000213  00000-0  13930-3 0  9992
2 33591  99.0946 282.0876 0014646  57.5959 302.6627 14.12808143749394
1 33591U 09005A   23235.46163511  .00000191  00000-0  12749-3 0  9994
2 33591  99.0945 282.4472 0014633  56.6748 303.5822 14.12808240749442
1 33591U 09005A   23236.73639694  .00000199  00000-0  13149-3 0  9998
2 33591  99.0944 283.7415 0014589  53.2817 306.9692 14.12809016749626
1 33591U 09005A   23236.87803707  .00000207  00000-0  13592-3 0  9993
2 33591  99.0944 283.8853 0014583  52.9185 307.3317 14.12809124749383
1 33591U 09005A   23237.09049731  .00000208  00000-0  13649-3 0  9991
2 33591  99.0944 284.1011 0014577  52.3702 307.8789 14.12809252749677
1 33591U 09005A   23237.37377763  .00000192  00000-0  12777-3 0  9994
2 33591  99.0944 284.3887 0014566  51.6217 308.6260 14.12809314749718
1 33591U 09005A   23237.58623789  .00000192  00000-0  12824-3 0  9992
2 33591  99.0944 284.6045 0014560  51.0520 309.1946 14.12809413749483
1 33591U 09005A   23237.72787801  .00000197  00000-0  13050-3 0  9991
2 33591  99.0944 284.7482 0014559  50.6677 309.5782 14.12809490749763
1 33591U 09005A   23237.86951810  .00000207  00000-0  13620-3 0  9994
2 33591  99.0943 284.8920 0014552  50.2931 309.9521 14.12809601749525
1 33591U 09005A   23238.08197823  .00000212  00000-0  13848-3 0  9993
2 33591  99.0943 285.1078 0014541  49.7378 310.5062 14.12809740749813
1 33591U 09005A   23238.36525840  .00000220  00000-0  14279-3 0  9996
2 33591  99.0943 285.3954 0014527  48.9762 311.2663 14.12809906749853
1 33591U 09005A   23238.57771851  .00000232  00000-0  14962-3 0  9996
2 33591  99.0943 285.6112 0014524  48.3992 311.8421 14.12810061749625
1 33591U 09005A   23238.71935862  .00000222  00000-0  14433-3 0  9998
2 33591  99.0943 285.7550 0014523  48.0136 312.2270 14.12810072749908
1 33591U 09005A   23238.86099868  .00000215  00000-0  14009-3 0  9992
2 33591  99.0943 285.8988 0014518  47.6374 312.6024 14.12810102749665
1 33591U 09005A   23239.07345878  .00000206  00000-0  13570-3 0  9993
2 33591  99.0943 286.1145 0014514  47.0677 313.1709 14.12810178749951
1 33591U 09005A   23239.35673888  .00000216  00000-0  14105-3 0  9995
2 33591  99.0943 286.4022 0014511  46.3206 313.9166 14.12810333749997
1 33591U 09005A   23239.56919891  .00000216  00000-0  14092-3 0  9990
2 33591  99.0942 286.6179 0014504  45.7492 314.4867 14.12810419749767
1 33591U 09005A   23239.71083893  .00000217  00000-0  14120-3 0  9994
2 33591  99.0942 286.7617 0014494  45.3529 314.8821 14.12810464750047
1 33591U 09005A   23239.85247890  .00000225  00000-0  14568-3 0  9993
2 33591  99.0942 286.9055 0014484  44.9664 315.2677 14.12810539749808
1 33591U 09005A   23240.13575885  .00000225  00000-0  14568-3 0  9994
2 33591  99.0942 287.1932 0014466  44.1833 316.0491 14.12810693750104
1 33591U 09005A   23240.41903885  .00000221  00000-0  14360-3 0  9996
2 33591  99.0942 287.4808 0014462  43.4194 316.8113 14.12810776750142
1 33591U 09005A   23240.70231877  .00000212  00000-0  13898-3 0  9998
2 33591  99.0941 287.7684 0014456  42.6497 317.5794 14.12810879750187
1 33591U 09005A   23240.84395868  .00000210  00000-0  13782-3 0  9994
2 33591  99.0941 287.9122 0014448  42.2607 317.9675 14.12810930749948
1 33591U 09005A   23241.12723855  .00000218  00000-0  14191-3 0  9990
2 33591  99.0941 288.1998 0014434  41.4673 318.7591 14.12811095750245
1 33591U 09005A   23241.41051844  .00000214  00000-0  13956-3 0  9998
2 33591  99.0940 288.4874 0014432  40.7179 319.5069 14.12811194750284
1 33591U 09005A   23241.69379825  .00000212  00000-0  13865-3 0  9997
2 33591  99.0940 288.7751 0014417  39.9476 320.2753 14.12811330750320
1 33591U 09005A   23241.83543812  .00000214  00000-0  13983-3 0  9995
2 33591  99.0940 288.9189 0014412  39.5340 320.6880 14.12811404750088
1 33591U 09005A   23242.11871783  .00000210  00000-0  13779-3 0  9997
2 33591  99.0939 289.2065 0014391  38.7226 321.4975 14.12811563750386
1 33591U 09005A   23242.33117763  .00000206  00000-0  13576-3 0  9992
2 33591  99.0939 289.4222 0014382  38.1546 322.0640 14.12811652750411
1 33591U 09005A   23242.68527723  .00000210  00000-0  13785-3 0  9998
2 33591  99.0939 289.7817 0014363  37.2156 323.0008 14.12811857750461
1 33591U 09005A   23242.82691704  .00000203  00000-0  13376-3 0  9993
2 33591  99.0938 289.9255 0014359  36.8208 323.3947 14.12811913750228
1 33591U 09005A   23243.18101660  .00000207  00000-0  13587-3 0  9998
2 33591  99.0938 290.2850 0014342  35.8617 324.3514 14.12812127750532
1 33591U 09005A   23243.46429620  .00000203  00000-0  13405-3 0  9993
2 33591  99.0938 290.5726 0014329  35.1192 325.0921 14.12812271750577
1 33591U 09005A   23243.74757575  .00000207  00000-0  13592-3 0  9998
2 33591  99.0937 290.8602 0014316  34.3423 325.8671 14.12812440750619
1 33591U 09005A   23243.88921551  .00000202  00000-0  13357-3 0  9994
2 33591  99.0937 291.0040 0014308  33.9508 326.2576 14.12812493750378
1 33591U 09005A   23244.10167514  .00000200  00000-0  13208-3 0  9994
2 33591  99.0937 291.2197 0014297  33.3678 326.8391 14.12812621750668
1 33591U 09005A   23244.45577451  .00000213  00000-0  13916-3 0  9997
2 33591  99.0936 291.5792 0014279  32.4179 327.7867 14.12812895750714
1 33591U 09005A   23244.52659437  .00000217  00000-0  14118-3 0  9999
2 33591  99.0936 291.6511 0014277  32.2304 327.9737 14.12812956750468
1 33591U 09005A   23244.80987377  .00000222  00000-0  14393-3 0  9998
2 33591  99.0936 291.9387 0014265  31.4614 328.7408 14.12813136750762
1 33591U 09005A   23244.88069358  .00000229  00000-0  14814-3 0  9991
2 33591  99.0935 292.0106 0014254  31.2585 328.9431 14.12813211750510
1 33591U 09005A   23245.09315310  .00000230  00000-0  14831-3 0  9998
2 33591  99.0935 292.2263 0014244  30.6694 329.5307 14.12813356750800
1 33591U 09005A   23245.44725232  .00000230  00000-0  14826-3 0  9999
2 33591  99.0935 292.5858 0014229  29.6984 330.4992 14.12813558750856
1 33591U 09005A   23245.51807217  .00000232  00000-0  14931-3 0  9990
2 33591  99.0935 292.6577 0014227  29.5358 330.6614 14.12813605750606
1 33591U 09005A   23245.73053172  .00000215  00000-0  14035-3 0  9993
2 33591  99.0934 292.8734 0014223  28.9703 331.2255 14.12813638750890
1 33591U 09005A   23245.87217087  .00000299  00000-0  18535-3 0  9996
2 33591  99.0934 293.0172 0014210  28.5638 331.6309 14.12814281750651
1 33591U 09005A   23246.08463069  .00000222  00000-0  14400-3 0  9996
2 33591  99.0934 293.2328 0014201  27.9904 332.2028 14.12813886750942
1 33591U 09005A   23246.36790990  .00000254  00000-0  16135-3 0  9995
2 33591  99.0934 293.5204 0014183  27.2103 332.9808 14.12814212750982
1 33591U 09005A   23246.50954952  .00000241  00000-0  15439-3 0  9993
2 33591  99.0933 293.6642 0014176  26.8247 333.3654 14.12814221750742
1 33591U 09005A   23246.72200892  .00000240  00000-0  15367-3 0  9993
2 33591  99.0933 293.8800 0014172  26.2416 333.9471 14.12814321751035
1 33591U 09005A   23247.07610791  .00000222  00000-0  14408-3 0  9990
2 33591  99.0932 294.2394 0014155  25.2764 334.9097 14.12814407751088
1 33591U 09005A   23247.43020692  .00000222  00000-0  14398-3 0  9993
2 33591  99.0932 294.5989 0014143  24.3157 335.8679 14.12814546751130
1 33591U 09005A   23247.57184650  .00000205  00000-0  13475-3 0  9999
2 33591  99.0931 294.7427 0014135  23.9210 336.2615 14.12814518750890
1 33591U 09005A   23247.78430578  .00000211  00000-0  13804-3 0  9998
2 33591  99.0931 294.9584 0014126  23.3199 336.8610 14.12814639751184
1 33591U 09005A   23248.13840459  .00000210  00000-0  13775-3 0  9997
2 33591  99.0930 295.3179 0014108  22.3206 337.8576 14.12814813751238
1 33591U 09005A   23248.42168366  .00000209  00000-0  13737-3 0  9995
2 33591  99.0930 295.6055 0014092  21.5581 338.6180 14.12814881751272
1 33591U 09005A   23248.56332316  .00000207  00000-0  13632-3 0  9990
2 33591  99.0930 295.7493 0014082  21.1528 339.0223 14.12814950751039
1 33591U 09005A   23248.77578231  .00000219  00000-0  14266-3 0  9998
2 33591  99.0929 295.9650 0014074  20.5427 339.6307 14.12815129751326
1 33591U 09005A   23249.12988098  .00000213  00000-0  13953-3 0  9990
2 33591  99.0929 296.3245 0014054  19.5345 340.6362 14.12815293751376
1 33591U 09005A   23249.48397970  .00000213  00000-0  13948-3 0  9996
2 33591  99.0928 296.6839 0014033  18.5733 341.5947 14.12815469751424
1 33591U 09005A   23249.55479942  .00000214  00000-0  13989-3 0  9990
2 33591  99.0928 296.7558 0014027  18.3735 341.7940 14.12815514751174
1 33591U 09005A   23249.69643884  .00000218  00000-0  14197-3 0  9999
2 33591  99.0928 296.8996 0014021  17.9637 342.2027 14.12815596751454
1 33591U 09005A   23249.83807823  .00000231  00000-0  14893-3 0  9998
2 33591  99.0928 297.0434 0014016  17.5538 342.6114 14.12815729751217
1 33591U 09005A   23250.12135705  .00000233  00000-0  14993-3 0  9998
2 33591  99.0927 297.3310 0014002  16.7634 343.3998 14.12815904751511
1 33591U 09005A   23250.40463590  .00000224  00000-0  14533-3 0  9995
2 33591  99.0927 297.6186 0013988  15.9750 344.1860 14.12815999751552
1 33591U 09005A   23250.54627533  .00000206  00000-0  13531-3 0  9996
2 33591  99.0927 297.7623 0013979  15.5770 344.5829 14.12815981751311
1 33591U 09005A   23250.68791473  .00000210  00000-0  13777-3 0  9993
2 33591  99.0926 297.9061 0013977  15.1858 344.9730 14.12816071751595
1 33591U 09005A   23250.82955408  .00000222  00000-0  14406-3 0  9992
2 33591  99.0926 298.0499 0013972  14.7805 345.3772 14.12816215751359
1 33591U 09005A   23251.11283279  .00000221  00000-0  14367-3 0  9990
2 33591  99.0926 298.3374 0013958  13.9678 346.1877 14.12816386751654
1 33591U 09005A   23251.39611165  .00000192  00000-0  12814-3 0  9991
2 33591  99.0926 298.6250 0013936  13.2195 346.9339 14.12816360751690
1 33591U 09005A   23251.53775105  .00000187  00000-0  12559-3 0  9992
2 33591  99.0925 298.7688 0013929  12.8240 347.3283 14.12816402751457
1 33591U 09005A   23251.75021008  .00000187  00000-0  12536-3 0  9997
2 33591  99.0925 298.9845 0013919  12.1992 347.9514 14.12816492751744
1 33591U 09005A   23251.82102971  .00000203  00000-0  13403-3 0  9997
2 33591  99.0925 299.0564 0013919  12.0129 348.1371 14.12816624751498
1 33591U 09005A   23252.17512804  .00000180  00000-0  12158-3 0  9996
2 33591  99.0925 299.4158 0013901  11.0158 349.1315 14.12816722751806
1 33591U 09005A   23252.38758706  .00000172  00000-0  11702-3 0  9997
2 33591  99.0925 299.6314 0013895  10.4263 349.7194 14.12816785751837
1 33591U 09005A   23252.60004602  .00000186  00000-0  12471-3 0  9990
2 33591  99.0924 299.8471 0013883   9.8403 350.3037 14.12816980751603
1 33591U 09005A   23252.74168534  .00000186  00000-0  12476-3 0  9995
2 33591  99.0924 299.9909 0013877   9.4221 350.7208 14.12817027751884
1 33591U 09005A   23253.16660315  .00000207  00000-0  13588-3 0  9995
2 33591  99.0924 300.4223 0013855   8.2217 351.9179 14.12817351751946
1 33591U 09005A   23253.37906204  .00000219  00000-0  14243-3 0  9990
2 33591  99.0924 300.6379 0013842   7.6726 352.4655 14.12817505751973
1 33591U 09005A   23253.59152092  .00000232  00000-0  14957-3 0  9999
2 33591  99.0924 300.8536 0013830   7.0778 353.0586 14.12817682751749
1 33591U 09005A   23253.73316015  .00000239  00000-0  15303-3 0  9995
2 33591  99.0923 300.9974 0013825   6.6710 353.4643 14.12817767752024
1 33591U 09005A   23254.08725822  .00000256  00000-0  16227-3 0  9999
2 33591  99.0922 301.3568 0013804   5.7028 354.4298 14.12818032752074
1 33591U 09005A   23254.37053671  .00000253  00000-0  16074-3 0  9994
2 33591  99.0922 301.6443 0013791   4.9245 355.2059 14.12818142752117
1 33591U 09005A   23254.58299551  .00000248  00000-0  15838-3 0  9997
2 33591  99.0922 301.8600 0013782   4.2977 355.8310 14.12818246751883
1 33591U 09005A   23254.72463473  .00000228  00000-0  14752-3 0  9991
2 33591  99.0922 302.0038 0013775   3.8687 356.2588 14.12818227752169
1 33591U 09005A   23255.07873262  .00000244  00000-0  15601-3 0  9993
2 33591  99.0921 302.3632 0013758   2.8562 357.2685 14.12818483752212
1 33591U 09005A   23255.36201100  .00000253  00000-0  16105-3 0  9991
2 33591  99.0921 302.6508 0013745   2.0763 358.0463 14.12818630752259
1 33591U 09005A   23255.57446970  .00000258  00000-0  16354-3 0  9991
2 33591  99.0921 302.8664 0013733   1.4428 358.6780 14.12818752752020
1 33591U 09005A   23255.71610885  .00000249  00000-0  15883-3 0  9991
2 33591  99.0920 303.0102 0013726   1.0450 359.0748 14.12818782752305
1 33591U 09005A   23255.85774779  .00000296  00000-0  18394-3 0  9991
2 33591  99.0920 303.1540 0013721   0.6682 359.4506 14.12819139752065
1 33591U 09005A   23256.07020642  .00000297  00000-0  18422-3 0  9992
2 33591  99.0920 303.3697 0013710   0.0524   0.0646 14.12819273752352
1 33591U 09005A   23256.35348460  .00000316  00000-0  19468-3 0  9997
2 33591  99.0919 303.6572 0013692 359.2866   0.8284 14.12819514752390
1 33591U 09005A   23256.56594321  .00000310  00000-0  19121-3 0  9999
2 33591  99.0919 303.8729 0013682 358.6831   1.4302 14.12819571752166
1 33591U 09005A   23256.70758232  .00000295  00000-0  18362-3 0  9996
2 33591  99.0919 304.0166 0013678 358.2877   1.8245 14.12819571752446
1 33591U 09005A   23256.84922142  .00000290  00000-0  18054-3 0  9997
2 33591  99.0918 304.1604 0013672 357.8998   2.2113 14.12819593752203
1 33591U 09005A   23257.13249946  .00000296  00000-0  18379-3 0  9990
2 33591  99.0917 304.4479 0013658 357.0790   3.0299 14.12819798752505
1 33591U 09005A   23257.34495802  .00000282  00000-0  17614-3 0  9993
2 33591  99.0917 304.6635 0013647 356.4832   3.6241 14.12819875752531
1 33591U 09005A   23257.55741658  .00000300  00000-0  18595-3 0  9999
2 33591  99.0916 304.8792 0013636 355.9000   4.2058 14.12820053752303
1 33591U 09005A   23257.84069459  .00000257  00000-0  16315-3 0  9992
2 33591  99.0915 305.1667 0013624 355.0809   5.0227 14.12819988752348
1 33591U 09005A   23257.84069459  .00000257  00000-0  16315-3 0  9992
2 33591  99.0915 305.1667 0013624 355.0809   5.0227 14.12819988752607
1 33591U 09005A   23258.12397249  .00000260  00000-0  16462-3 0  9992
2 33591  99.0915 305.4543 0013610 354.2297   5.8715 14.12820198752649
1 33591U 09005A   23258.40725042  .00000283  00000-0  17679-3 0  9995
2 33591  99.0914 305.7418 0013591 353.4443   6.6549 14.12820495752682
1 33591U 09005A   23258.54888942  .00000254  00000-0  16162-3 0  9993
2 33591  99.0914 305.8856 0013582 353.0208   7.0772 14.12820425752444
1 33591U 09005A   23258.76134779  .00000242  00000-0  15487-3 0  9995
2 33591  99.0914 306.1012 0013568 352.3986   7.6977 14.12820485752732
1 33591U 09005A   23259.11544505  .00000237  00000-0  15236-3 0  9993
2 33591  99.0912 306.4606 0013549 351.3538   8.7398 14.12820722752781
1 33591U 09005A   23259.32790339  .00000253  00000-0  16092-3 0  9993
2 33591  99.0912 306.6763 0013537 350.7430   9.3489 14.12820945752817
1 33591U 09005A   23259.54036178  .00000247  00000-0  15734-3 0  9996
2 33591  99.0912 306.8920 0013529 350.1116   9.9787 14.12821030752587
1 33591U 09005A   23259.75282011  .00000229  00000-0  14771-3 0  9998
2 33591  99.0912 307.1076 0013524 349.4676  10.6210 14.12821089752876
1 33591U 09005A   23260.10691715  .00000255  00000-0  16199-3 0  9999
2 33591  99.0911 307.4670 0013504 348.4442  11.6417 14.12821485752922
1 33591U 09005A   23260.39019475  .00000285  00000-0  17822-3 0  9994
2 33591  99.0910 307.7545 0013486 347.6356  12.4482 14.12821875752967
1 33591U 09005A   23260.53183353  .00000285  00000-0  17814-3 0  9998
2 33591  99.0910 307.8983 0013478 347.2248  12.8580 14.12821982752727
1 33591U 09005A   23260.74429176  .00000276  00000-0  17316-3 0  9994
2 33591  99.0910 308.1139 0013469 346.5897  13.4914 14.12822068753013
1 33591U 09005A   23261.09838881  .00000288  00000-0  17939-3 0  9994
2 33591  99.0909 308.4733 0013454 345.5592  14.5193 14.12822360753060
1 33591U 09005A   23261.38166650  .00000257  00000-0  16285-3 0  9993
2 33591  99.0909 308.7608 0013441 344.7557  15.3208 14.12822358753100
1 33591U 09005A   23261.59412464  .00000263  00000-0  16599-3 0  9998
2 33591  99.0908 308.9764 0013432 344.1127  15.9621 14.12822519752878
1 33591U 09005A   23261.73576345  .00000243  00000-0  15549-3 0  9995
2 33591  99.0908 309.1202 0013428 343.7273  16.3465 14.12822524753159
1 33591U 09005A   23261.87740215  .00000264  00000-0  16680-3 0  9999
2 33591  99.0908 309.2639 0013424 343.3399  16.7330 14.12822728752919
1 33591U 09005A   23262.08986025  .00000259  00000-0  16424-3 0  9994
2 33591  99.0907 309.4795 0013416 342.7255  17.3458 14.12822864753200
1 33591U 09005A   23262.37313760  .00000265  00000-0  16722-3 0  9994
2 33591  99.0907 309.7670 0013401 341.9048  18.1644 14.12823096753248
1 33591U 09005A   23262.72723433  .00000254  00000-0  16127-3 0  9992
2 33591  99.0906 310.1264 0013386 340.9071  19.1597 14.12823284753291
1 33591U 09005A   23263.15215034  .00000289  00000-0  18022-3 0  9997
2 33591  99.0905 310.5576 0013367 339.7149  20.3489 14.12823718753354
1 33591U 09005A   23263.36460833  .00000279  00000-0  17469-3 0  9992
2 33591  99.0905 310.7732 0013356 339.1005  20.9619 14.12823802753381
1 33591U 09005A   23263.57706630  .00000275  00000-0  17287-3 0  9997
2 33591  99.0905 310.9889 0013348 338.4587  21.6021 14.12823894753155
1 33591U 09005A   23263.78952432  .00000254  00000-0  16157-3 0  9995
2 33591  99.0905 311.2045 0013340 337.8389  22.2204 14.12823896753442
1 33591U 09005A   23263.86034363  .00000255  00000-0  16196-3 0  9992
2 33591  99.0905 311.2763 0013339 337.6305  22.4283 14.12823934753197
1 33591U 09005A   23264.07280155  .00000255  00000-0  16198-3 0  9990
2 33591  99.0904 311.4919 0013332 336.9983  23.0590 14.12824065753484
1 33591U 09005A   23264.49771737  .00000261  00000-0  16516-3 0  9998
2 33591  99.0904 311.9232 0013311 335.7974  24.2571 14.12824343753549
1 33591U 09005A   23264.56853667  .00000263  00000-0  16637-3 0  9995
2 33591  99.0904 311.9951 0013313 335.5787  24.4752 14.12824387753292
1 33591U 09005A   23264.71017526  .00000266  00000-0  16757-3 0  9994
2 33591  99.0904 312.1388 0013312 335.1654  24.8875 14.12824455753574
1 33591U 09005A   23264.85181379  .00000276  00000-0  17308-3 0  9991
2 33591  99.0903 312.2826 0013305 334.7444  25.3076 14.12824585753332
1 33591U 09005A   23265.13509087  .00000269  00000-0  16936-3 0  9991
2 33591  99.0903 312.5701 0013302 333.8903  26.1596 14.12824767753635
1 33591U 09005A   23265.41836798  .00000284  00000-0  17731-3 0  9995
2 33591  99.0902 312.8576 0013286 333.0674  26.9807 14.12824988753677
1 33591U 09005A   23265.56000648  .00000289  00000-0  18017-3 0  9991
2 33591  99.0902 313.0013 0013279 332.6467  27.4003 14.12825101753439
1 33591U 09005A   23265.77246427  .00000294  00000-0  18277-3 0  9995
2 33591  99.0902 313.2169 0013274 332.0503  27.9954 14.12825226753723
1 33591U 09005A   23265.84328346  .00000307  00000-0  18970-3 0  9999
2 33591  99.0902 313.2888 0013272 331.8315  28.2137 14.12825332753474
1 33591U 09005A   23266.05574117  .00000297  00000-0  18430-3 0  9991
2 33591  99.0901 313.5044 0013264 331.1795  28.8642 14.12825456753762
1 33591U 09005A   23266.48065668  .00000268  00000-0  16916-3 0  9999
2 33591  99.0901 313.9357 0013246 329.9147  30.1262 14.12825575753822
1 33591U 09005A   23266.55147591  .00000263  00000-0  16605-3 0  9993
2 33591  99.0901 314.0076 0013245 329.6834  30.3570 14.12825605753571
1 33591U 09005A   23266.76393365  .00000242  00000-0  15465-3 0  9998
2 33591  99.0900 314.2231 0013237 329.0821  30.9570 14.12825646753869
1 33591U 09005A   23267.11802962  .00000249  00000-0  15879-3 0  9992
2 33591  99.0900 314.5824 0013223 328.0019  32.0348 14.12825958753911
1 33591U 09005A   23267.54294493  .00000258  00000-0  16333-3 0  9999
2 33591  99.0900 315.0137 0013208 326.7518  33.2822 14.12826273753973
1 33591U 09005A   23267.82622167  .00000262  00000-0  16554-3 0  9993
2 33591  99.0899 315.3011 0013203 325.9091  34.1231 14.12826470754015
1 33591U 09005A   23267.89704087  .00000261  00000-0  16505-3 0  9997
2 33591  99.0899 315.3730 0013198 325.7004  34.3314 14.12826513753761
1 33591U 09005A   23268.10949843  .00000265  00000-0  16731-3 0  9998
2 33591  99.0898 315.5886 0013191 325.0658  34.9647 14.12826684754052
1 33591U 09005A   23268.39277471  .00000344  00000-0  20990-3 0  9990
2 33591  99.0898 315.8760 0013181 324.2579  35.7708 14.12827440754090
1 33591U 09005A   23268.60523252  .00000304  00000-0  18826-3 0  9996
2 33591  99.0898 316.0916 0013174 323.6255  36.4020 14.12827289753862
1 33591U 09005A   23268.81768998  .00000297  00000-0  18422-3 0  9990
2 33591  99.0897 316.3072 0013169 322.9858  37.0404 14.12827400754153
1 33591U 09005A   23268.88850914  .00000297  00000-0  18427-3 0  9992
2 33591  99.0897 316.3791 0013167 322.7724  37.2533 14.12827449753909
1 33591U 09005A   23269.17178581  .00000288  00000-0  17986-3 0  9997
2 33591  99.0897 316.6665 0013156 321.9283  38.0958 14.12827598754200
1 33591U 09005A   23269.45506229  .00000298  00000-0  18504-3 0  9990
2 33591  99.0896 316.9540 0013149 321.0748  38.9475 14.12827880754244
1 33591U 09005A   23269.59670054  .00000303  00000-0  18745-3 0  9997
2 33591  99.0896 317.0977 0013142 320.6654  39.3561 14.12828015754000
1 33591U 09005A   23269.80915791  .00000292  00000-0  18170-3 0  9990
2 33591  99.0895 317.3132 0013133 320.0814  39.9391 14.12828144754298
1 33591U 09005A   23270.16325357  .00000285  00000-0  17820-3 0  9997
2 33591  99.0895 317.6725 0013120 319.0317  40.9867 14.12828356754342
1 33591U 09005A   23270.37571091  .00000285  00000-0  17819-3 0  9996
2 33591  99.0895 317.8881 0013116 318.4048  41.6125 14.12828482754374
1 33591U 09005A   23270.44653005  .00000288  00000-0  17951-3 0  9990
2 33591  99.0895 317.9600 0013107 318.2052  41.8117 14.12828530754127
1 33591U 09005A   23270.80062552  .00000291  00000-0  18144-3 0  9990
2 33591  99.0894 318.3193 0013098 317.1597  42.8553 14.12828782754437
1 33591U 09005A   23271.15472101  .00000286  00000-0  17838-3 0  9997
2 33591  99.0893 318.6786 0013085 316.1078  43.9053 14.12828979754486
1 33591U 09005A   23271.43799734  .00000296  00000-0  18384-3 0  9990
2 33591  99.0893 318.9660 0013072 315.2635  44.7481 14.12829196754526
1 33591U 09005A   23271.57963548  .00000299  00000-0  18564-3 0  9994
2 33591  99.0893 319.1098 0013069 314.8393  45.1716 14.12829308754280
1 33591U 09005A   23271.72127365  .00000280  00000-0  17535-3 0  9997
2 33591  99.0892 319.2535 0013068 314.4051  45.6050 14.12829326754569
1 33591U 09005A   23271.86291174  .00000286  00000-0  17883-3 0  9994
2 33591  99.0892 319.3972 0013062 313.9903  46.0191 14.12829430754320
1 33591U 09005A   23272.14618802  .00000290  00000-0  18078-3 0  9999
2 33591  99.0891 319.6846 0013054 313.1459  46.8620 14.12829627754627
1 33591U 09005A   23272.42946413  .00000305  00000-0  18859-3 0  9996
2 33591  99.0891 319.9721 0013038 312.3058  47.7008 14.12829902754660
1 33591U 09005A   23272.57110219  .00000311  00000-0  19189-3 0  9993
2 33591  99.0891 320.1158 0013035 311.8798  48.1260 14.12830026754428
1 33591U 09005A   23272.71274028  .00000298  00000-0  18478-3 0  9992
2 33591  99.0890 320.2595 0013034 311.4718  48.5334 14.12830071754707
1 33591U 09005A   23273.13765434  .00000305  00000-0  18879-3 0  9999
2 33591  99.0889 320.6907 0013027 310.1868  49.8162 14.12830396754769
1 33591U 09005A   23273.20847342  .00000312  00000-0  19256-3 0  9994
2 33591  99.0889 320.7625 0013022 309.9734  50.0293 14.12830450754513
1 33591U 09005A   23273.49174946  .00000300  00000-0  18589-3 0  9993
2 33591  99.0889 321.0500 0013017 309.1557  50.8457 14.12830585754810
1 33591U 09005A   23273.70420647  .00000286  00000-0  17839-3 0  9999
2 33591  99.0888 321.2656 0013014 308.5230  51.4774 14.12830689754848
1 33591U 09005A   23274.12912033  .00000291  00000-0  18148-3 0  9991
2 33591  99.0887 321.6968 0013001 307.2206  52.7778 14.12831035754903
1 33591U 09005A   23274.41239611  .00000336  00000-0  20540-3 0  9996
2 33591  99.0886 321.9842 0012987 306.3954  53.6018 14.12831517754944
1 33591U 09005A   23274.55403412  .00000305  00000-0  18856-3 0  9996
2 33591  99.0886 322.1279 0012985 305.9571  54.0395 14.12831477754701
1 33591U 09005A   23274.83730993  .00000295  00000-0  18315-3 0  9992
2 33591  99.0885 322.4153 0012988 305.1013  54.8940 14.12831656755007
1 33591U 09005A   23274.90812891  .00000289  00000-0  18015-3 0  9998
2 33591  99.0885 322.4872 0012989 304.8891  55.1059 14.12831677754755
1 33591U 09005A   23275.12058576  .00000282  00000-0  17629-3 0  9998
2 33591  99.0885 322.7028 0012985 304.2330  55.7611 14.12831814755045
1 33591U 09005A   23275.47468046  .00000290  00000-0  18058-3 0  9999
2 33591  99.0884 323.0621 0012982 303.1485  56.8440 14.12832106755095
1 33591U 09005A   23275.82877507  .00000300  00000-0  18601-3 0  9990
2 33591  99.0883 323.4213 0012976 302.0857  57.9054 14.12832436754884
1 33591U 09005A   23275.82877507  .00000300  00000-0  18601-3 0  9990
2 33591  99.0883 323.4213 0012976 302.0857  57.9054 14.12832436755144
1 33591U 09005A   23276.18286973  .00000291  00000-0  18119-3 0  9994
2 33591  99.0883 323.7806 0012970 301.0106  58.9791 14.12832660755198
1 33591U 09005A   23276.46614538  .00000279  00000-0  17460-3 0  9991
2 33591  99.0882 324.0680 0012960 300.1487  59.8399 14.12832831755231
1 33591U 09005A   23276.60778319  .00000278  00000-0  17399-3 0  9995
2 33591  99.0882 324.2117 0012961 299.7238  60.2643 14.12832940754997
1 33591U 09005A   23276.82023988  .00000283  00000-0  17717-3 0  9994
2 33591  99.0881 324.4272 0012955 299.0984  60.8890 14.12833139755288
1 33591U 09005A   23276.89105877  .00000282  00000-0  17630-3 0  9992
2 33591  99.0881 324.4991 0012955 298.8762  61.1108 14.12833182755034
1 33591U 09005A   23277.17433433  .00000293  00000-0  18216-3 0  9999
2 33591  99.0881 324.7865 0012952 298.0107  61.9754 14.12833475755332
1 33591U 09005A   23277.38679097  .00000298  00000-0  18503-3 0  9994
2 33591  99.0880 325.0020 0012943 297.3762  62.6092 14.12833651755369
1 33591U 09005A   23277.59924756  .00000309  00000-0  19074-3 0  9999
2 33591  99.0880 325.2176 0012941 296.7363  63.2484 14.12833892755135
1 33591U 09005A   23277.74088531  .00000297  00000-0  18451-3 0  9992
2 33591  99.0880 325.3613 0012939 296.3191  63.6651 14.12833946755415
1 33591U 09005A   23277.88252299  .00000302  00000-0  18721-3 0  9998
2 33591  99.0880 325.5051 0012940 295.8624  64.1213 14.12834073755175
1 33591U 09005A   23278.16579840  .00000341  00000-0  20825-3 0  9995
2 33591  99.0879 325.7924 0012933 295.0143  64.9685 14.12834509755472
1 33591U 09005A   23278.37825491  .00000343  00000-0  20930-3 0  9993
2 33591  99.0879 326.0080 0012924 294.3817  65.6005 14.12834687755504
1 33591U 09005A   23278.59071138  .00000336  00000-0  20530-3 0  9996
2 33591  99.0879 326.2236 0012917 293.7483  66.2334 14.12834849755279
1 33591U 09005A   23278.87398675  .00000322  00000-0  19785-3 0  9990
2 33591  99.0878 326.5109 0012910 292.9009  67.0799 14.12834959755577
1 33591U 09005A   23279.15726208  .00000357  00000-0  21698-3 0  9993
2 33591  99.0877 326.7982 0012905 292.0506  67.9295 14.12835343755617
1 33591U 09005A   23279.51135606  .00000360  00000-0  21841-3 0  9993
2 33591  99.0877 327.1576 0012890 290.9731  69.0060 14.12835622755669
1 33591U 09005A   23279.58217486  .00000361  00000-0  21863-3 0  9992
2 33591  99.0877 327.2294 0012890 290.7640  69.2150 14.12835681755414
1 33591U 09005A   23279.79463124  .00000347  00000-0  21137-3 0  9995
2 33591  99.0877 327.4450 0012890 290.1254  69.8530 14.12835777755442
1 33591U 09005A   23279.79463124  .00000347  00000-0  21137-3 0  9995
2 33591  99.0877 327.4450 0012890 290.1254  69.8530 14.12835777755701
1 33591U 09005A   23280.07790635  .00000354  00000-0  21509-3 0  9999
2 33591  99.0877 327.7324 0012890 289.2650  70.7127 14.12836016755747
1 33591U 09005A   23280.50281914  .00000352  00000-0  21406-3 0  9996
2 33591  99.0876 328.1635 0012878 288.0013  71.9754 14.12836260755809
1 33591U 09005A   23280.57363791  .00000350  00000-0  21314-3 0  9993
2 33591  99.0876 328.2354 0012877 287.7904  72.1862 14.12836313755556
1 33591U 09005A   23280.85691295  .00000345  00000-0  21020-3 0  9995
2 33591  99.0876 328.5228 0012885 286.9415  73.0343 14.12836476755853
1 33591U 09005A   23281.14018793  .00000344  00000-0  20970-3 0  9996
2 33591  99.0876 328.8102 0012887 286.0748  73.9004 14.12836693755897
1 33591U 09005A   23281.42346293  .00000357  00000-0  21679-3 0  9997
2 33591  99.0876 329.0976 0012882 285.2131  74.7616 14.12836934755932
1 33591U 09005A   23281.56510039  .00000354  00000-0  21530-3 0  9996
2 33591  99.0876 329.2413 0012884 284.7877  75.1866 14.12837059755697
1 33591U 09005A   23281.77755657  .00000362  00000-0  21931-3 0  9990
2 33591  99.0875 329.4568 0012885 284.1663  75.8076 14.12837227755986
1 33591U 09005A   23281.84837523  .00000366  00000-0  22167-3 0  9997
2 33591  99.0875 329.5287 0012888 283.9385  76.0352 14.12837304755735
1 33591U 09005A   23282.13165008  .00000364  00000-0  22057-3 0  9998
2 33591  99.0875 329.8160 0012890 283.0846  76.8886 14.12837530756039
1 33591U 09005A   23282.41492491  .00000366  00000-0  22166-3 0  9991
2 33591  99.0875 330.1035 0012886 282.2171  77.7557 14.12837753756078
1 33591U 09005A   23282.55656233  .00000358  00000-0  21741-3 0  9991
2 33591  99.0874 330.2472 0012888 281.7759  78.1966 14.12837823755831
1 33591U 09005A   23282.83983694  .00000394  00000-0  23654-3 0  9991
2 33591  99.0874 330.5345 0012884 280.9271  79.0451 14.12838229756133
1 33591U 09005A   23282.91065562  .00000388  00000-0  23353-3 0  9994
2 33591  99.0874 330.6064 0012884 280.7057  79.2663 14.12838264755889
1 33591U 09005A   23283.19393036  .00000389  00000-0  23366-3 0  9990
2 33591  99.0873 330.8937 0012883 279.8593  80.1123 14.12838511756183
1 33591U 09005A   23283.54802366  .00000388  00000-0  23360-3 0  9993
2 33591  99.0873 331.2530 0012882 278.7684  81.2028 14.12838828756238
1 33591U 09005A   23283.83129825  .00000364  00000-0  22024-3 0  9997
2 33591  99.0872 331.5403 0012894 277.9207  82.0501 14.12838935756272
1 33591U 09005A   23283.90211688  .00000360  00000-0  21843-3 0  9998
2 33591  99.0872 331.6122 0012896 277.6988  82.2718 14.12838985756026
1 33591U 09005A   23284.18539148  .00000365  00000-0  22122-3 0  9999
2 33591  99.0871 331.8995 0012897 276.8368  83.1336 14.12839267756322
1 33591U 09005A   23284.53948460  .00000370  00000-0  22353-3 0  9991
2 33591  99.0871 332.2587 0012892 275.7675  84.2027 14.12839610756374
1 33591U 09005A   23284.61030321  .00000372  00000-0  22477-3 0  9997
2 33591  99.0871 332.3305 0012896 275.5693  84.4008 14.12839683756129
1 33591U 09005A   23284.82275900  .00000380  00000-0  22911-3 0  9996
2 33591  99.0870 332.5460 0012896 274.9346  85.0353 14.12839908756412
1 33591U 09005A   23285.17685204  .00000369  00000-0  22305-3 0  9991
2 33591  99.0869 332.9053 0012900 273.8435  86.1262 14.12840170756464
1 33591U 09005A   23285.60176354  .00000373  00000-0  22534-3 0  9999
2 33591  99.0868 333.3363 0012901 272.5467  87.4227 14.12840582756264
1 33591U 09005A   23285.74340069  .00000377  00000-0  22744-3 0  9997
2 33591  99.0868 333.4800 0012910 272.1403  87.8290 14.12840690756542
1 33591U 09005A   23285.88503781  .00000378  00000-0  22790-3 0  9996
2 33591  99.0868 333.6237 0012915 271.7231  88.2461 14.12840809756308
1 33591U 09005A   23286.16831213  .00000364  00000-0  22030-3 0  9994
2 33591  99.0867 333.9111 0012915 270.8546  89.1146 14.12840977756609
1 33591U 09005A   23286.45158622  .00000402  00000-0  24088-3 0  9990
2 33591  99.0867 334.1985 0012909 269.9826  89.9866 14.12841454756646
1 33591U 09005A   23286.59322329  .00000400  00000-0  23996-3 0  9997
2 33591  99.0866 334.3421 0012906 269.5491  90.4201 14.12841592756400
1 33591U 09005A   23286.80567879  .00000409  00000-0  24478-3 0  9997
2 33591  99.0865 334.5576 0012907 268.9115  91.0578 14.12841872756695
1 33591U 09005A   23286.87649730  .00000418  00000-0  24958-3 0  9994
2 33591  99.0865 334.6294 0012904 268.6876  91.2817 14.12841974756445
1 33591U 09005A   23287.15977146  .00000399  00000-0  23947-3 0  9996
2 33591  99.0864 334.9168 0012904 267.8212  92.1481 14.12842110756745
1 33591U 09005A   23287.37222698  .00000403  00000-0  24157-3 0  9995
2 33591  99.0864 335.1323 0012902 267.1694  92.8000 14.12842304756778
1 33591U 09005A   23287.58468252  .00000395  00000-0  23690-3 0  9997
2 33591  99.0863 335.3478 0012904 266.5243  93.4452 14.12842424756541
1 33591U 09005A   23287.79713807  .00000374  00000-0  22592-3 0  9996
2 33591  99.0863 335.5633 0012900 265.8820  94.0877 14.12842492756830
1 33591U 09005A   23287.86795655  .00000383  00000-0  23078-3 0  9995
2 33591  99.0863 335.6352 0012902 265.6731  94.2966 14.12842582756583
1 33591U 09005A   23288.15123057  .00000381  00000-0  22966-3 0  9992
2 33591  99.0862 335.9225 0012902 264.8150  95.1548 14.12842801756883
1 33591U 09005A   23288.43450453  .00000370  00000-0  22385-3 0  9999
2 33591  99.0861 336.2098 0012900 263.9110  96.0592 14.12842938756923
1 33591U 09005A   23288.57614147  .00000370  00000-0  22368-3 0  9997
2 33591  99.0861 336.3535 0012898 263.4758  96.4945 14.12843061756686
1 33591U 09005A   23288.85941532  .00000364  00000-0  22026-3 0  9993
2 33591  99.0860 336.6409 0012897 262.6241  97.3465 14.12843242756728
1 33591U 09005A   23288.85941532  .00000363  00000-0  21991-3 0  9992
2 33591  99.0860 336.6409 0012899 262.6209  97.3496 14.12843237756980
1 33591U 09005A   23289.28432604  .00000361  00000-0  21884-3 0  9994
2 33591  99.0859 337.0719 0012902 261.3019  98.6691 14.12843580757047
1 33591U 09005A   23289.42596296  .00000358  00000-0  21705-3 0  9996
2 33591  99.0859 337.2156 0012901 260.9024  99.0688 14.12843668757064
1 33591U 09005A   23289.56759984  .00000350  00000-0  21314-3 0  9994
2 33591  99.0858 337.3592 0012904 260.4624  99.5089 14.12843733756828
1 33591U 09005A   23289.70923675  .00000343  00000-0  20929-3 0  9993
2 33591  99.0858 337.5029 0012902 260.0355  99.9360 14.12843797757108
1 33591U 09005A   23289.85087358  .00000355  00000-0  21559-3 0  9991
2 33591  99.0857 337.6466 0012907 259.6289 100.3427 14.12843941756862
1 33591U 09005A   23290.06332883  .00000362  00000-0  21916-3 0  9997
2 33591  99.0857 337.8621 0012912 258.9870 100.9849 14.12844136757155
1 33591U 09005A   23290.41742101  .00000345  00000-0  21018-3 0  9998
2 33591  99.0857 338.2213 0012920 257.9556 102.0167 14.12844303757204
1 33591U 09005A   23290.55905779  .00000361  00000-0  21873-3 0  9992
2 33591  99.0856 338.3649 0012922 257.5214 102.4512 14.12844501756966
1 33591U 09005A   23291.12560497  .00000344  00000-0  20992-3 0  9992
2 33591  99.0855 338.9396 0012932 255.8534 104.1200 14.12844883757043
1 33591U 09005A   23291.47969700  .00000320  00000-0  19702-3 0  9991
2 33591  99.0854 339.2987 0012945 254.8044 105.1696 14.12845036757356
1 33591U 09005A   23291.83378876  .00000341  00000-0  20799-3 0  9990
2 33591  99.0854 339.6579 0012955 253.7567 106.2180 14.12845442757403
1 33591U 09005A   23291.90460711  .00000338  00000-0  20639-3 0  9997
2 33591  99.0853 339.7297 0012960 253.5366 106.4381 14.12845485757155
1 33591U 09005A   23292.18788056  .00000344  00000-0  20951-3 0  9997
2 33591  99.0853 340.0170 0012970 252.6976 107.2776 14.12845745757457
1 33591U 09005A   23292.32951726  .00000345  00000-0  21029-3 0  9997
2 33591  99.0853 340.1606 0012974 252.2875 107.6880 14.12845860757470
1 33591U 09005A   23292.54197232  .00000336  00000-0  20522-3 0  9992
2 33591  99.0853 340.3762 0012980 251.6415 108.3345 14.12845999757247
1 33591U 09005A   23292.82524563  .00000340  00000-0  20738-3 0  9998
2 33591  99.0852 340.6635 0012985 250.7944 109.1822 14.12846235757546
1 33591U 09005A   23292.89606396  .00000331  00000-0  20273-3 0  9994
2 33591  99.0852 340.7353 0012988 250.5652 109.4116 14.12846261757291
1 33591U 09005A   23293.10851895  .00000332  00000-0  20333-3 0  9993
2 33591  99.0852 340.9508 0012993 249.9353 110.0420 14.12846444757582
1 33591U 09005A   23293.46261066  .00000298  00000-0  18472-3 0  9999
2 33591  99.0852 341.3099 0013001 248.8611 111.1171 14.12846504757636
1 33591U 09005A   23293.53342897  .00000298  00000-0  18507-3 0  9998
2 33591  99.0851 341.3818 0013004 248.6547 111.3237 14.12846571757384
1 33591U 09005A   23293.81670225  .00000292  00000-0  18166-3 0  9993
2 33591  99.0851 341.6691 0013007 247.8073 112.1719 14.12846733757681
1 33591U 09005A   23293.88752054  .00000304  00000-0  18811-3 0  9992
2 33591  99.0851 341.7409 0013014 247.6046 112.3747 14.12846823757431
1 33591U 09005A   23294.09997549  .00000292  00000-0  18152-3 0  9990
2 33591  99.0850 341.9564 0013015 246.9598 113.0201 14.12846945757729
1 33591U 09005A   23294.45406700  .00000273  00000-0  17165-3 0  9996
2 33591  99.0850 342.3155 0013024 245.8849 114.0961 14.12847094757772
1 33591U 09005A   23294.59570359  .00000274  00000-0  17225-3 0  9991
2 33591  99.0850 342.4591 0013029 245.4582 114.5231 14.12847209757539
1 33591U 09005A   23294.80815848  .00000261  00000-0  16527-3 0  9990
2 33591  99.0849 342.6746 0013023 244.7917 115.1904 14.12847304757821
1 33591U 09005A   23294.87897676  .00000260  00000-0  16474-3 0  9996
2 33591  99.0849 342.7464 0013026 244.5721 115.4103 14.12847344757573
1 33591U 09005A   23295.16224992  .00000259  00000-0  16412-3 0  9994
2 33591  99.0849 343.0337 0013031 243.7109 116.2724 14.12847541757873
1 33591U 09005A   23295.44552300  .00000242  00000-0  15480-3 0  9998
2 33591  99.0849 343.3210 0013037 242.8603 117.1239 14.12847634757910
1 33591U 09005A   23295.58715954  .00000252  00000-0  16004-3 0  9993
2 33591  99.0849 343.4646 0013039 242.4397 117.5450 14.12847764757678
1 33591U 09005A   23295.79961426  .00000283  00000-0  17661-3 0  9997
2 33591  99.0848 343.6801 0013040 241.8043 118.1812 14.12848075757962
1 33591U 09005A   23295.87043253  .00000278  00000-0  17424-3 0  9996
2 33591  99.0848 343.7519 0013043 241.5909 118.3948 14.12848097757719
1 33591U 09005A   23296.15370560  .00000272  00000-0  17077-3 0  9990
2 33591  99.0848 344.0392 0013048 240.7461 119.2406 14.12848237758010
1 33591U 09005A   23296.50779688  .00000258  00000-0  16341-3 0  9990
2 33591  99.0847 344.3983 0013057 239.6794 120.3086 14.12848352758064
1 33591U 09005A   23296.86188803  .00000264  00000-0  16663-3 0  9996
2 33591  99.0847 344.7575 0013071 238.6652 121.3240 14.12848599757855
1 33591U 09005A   23296.86188803  .00000264  00000-0  16663-3 0  9996
2 33591  99.0847 344.7575 0013071 238.6652 121.3240 14.12848599758115
1 33591U 09005A   23297.14516094  .00000272  00000-0  17069-3 0  9995
2 33591  99.0846 345.0448 0013079 237.8350 122.1554 14.12848807758154
1 33591U 09005A   23297.42843388  .00000260  00000-0  16427-3 0  9999
2 33591  99.0846 345.3321 0013087 236.9980 122.9934 14.12848890758191
1 33591U 09005A   23297.57007032  .00000254  00000-0  16110-3 0  9995
2 33591  99.0846 345.4757 0013092 236.5745 123.4175 14.12848942757950
1 33591U 09005A   23298.84479787  .00000265  00000-0  16743-3 0  9990
2 33591  99.0843 346.7685 0013135 232.7918 127.2055 14.12849727758399
1 33591U 09005A   23299.12807060  .00000257  00000-0  16291-3 0  9990
2 33591  99.0842 347.0557 0013149 231.9898 128.0086 14.12849876758436
1 33591U 09005A   23299.55297960  .00000248  00000-0  15800-3 0  9994
2 33591  99.0842 347.4867 0013167 230.7275 129.2729 14.12850117758493
1 33591U 09005A   23299.90707028  .00000274  00000-0  17181-3 0  9997
2 33591  99.0840 347.8457 0013179 229.6669 130.3352 14.12850489758281
1 33591U 09005A   23300.11952474  .00000267  00000-0  16840-3 0  9993
2 33591  99.0840 348.0612 0013184 229.0193 130.9839 14.12850622758576
1 33591U 09005A   23300.47361541  .00000271  00000-0  17030-3 0  9998
2 33591  99.0840 348.4203 0013199 227.9806 132.0242 14.12850891758366
1 33591U 09005A   23300.47361541  .00000271  00000-0  17030-3 0  9998
2 33591  99.0840 348.4203 0013199 227.9806 132.0242 14.12850891758625
1 33591U 09005A   23300.82770602  .00000283  00000-0  17697-3 0  9991
2 33591  99.0839 348.7793 0013210 226.9266 133.0800 14.12851190758672
1 33591U 09005A   23300.89852415  .00000273  00000-0  17168-3 0  9993
2 33591  99.0839 348.8512 0013217 226.7035 133.3035 14.12851200758429
1 33591U 09005A   23301.04016039  .00000275  00000-0  17231-3 0  9998
2 33591  99.0838 348.9948 0013221 226.2970 133.7107 14.12851306758702
1 33591U 09005A   23301.53588714  .00000297  00000-0  18443-3 0  9996
2 33591  99.0838 349.4975 0013244 224.8599 135.1503 14.12851773758775
1 33591U 09005A   23301.81915948  .00000302  00000-0  18702-3 0  9995
2 33591  99.0837 349.7848 0013249 223.9948 136.0170 14.12852031758812
1 33591U 09005A   23301.88997757  .00000299  00000-0  18541-3 0  9996
2 33591  99.0837 349.8566 0013255 223.7953 136.2167 14.12852066758569
1 33591U 09005A   23302.17324989  .00000323  00000-0  19858-3 0  9990
2 33591  99.0836 350.1439 0013265 222.9637 137.0499 14.12852420758867
1 33591U 09005A   23302.45652218  .00000310  00000-0  19135-3 0  9994
2 33591  99.0836 350.4311 0013277 222.1500 137.8651 14.12852559758909
1 33591U 09005A   23302.59815831  .00000303  00000-0  18734-3 0  9997
2 33591  99.0836 350.5748 0013281 221.7323 138.2836 14.12852648758669
1 33591U 09005A   23302.88143053  .00000313  00000-0  19269-3 0  9994
2 33591  99.0835 350.8620 0013289 220.8876 139.1300 14.12852880758968
1 33591U 09005A   23303.16470274  .00000313  00000-0  19283-3 0  9990
2 33591  99.0835 351.1493 0013300 220.0437 139.9755 14.12853099759000
1 33591U 09005A   23303.44797498  .00000302  00000-0  18676-3 0  9994
2 33591  99.0835 351.4365 0013312 219.2424 140.7783 14.12853173759048
1 33591U 09005A   23303.87288309  .00000311  00000-0  19164-3 0  9990
2 33591  99.0834 351.8674 0013328 217.9897 142.0336 14.12853548758842
1 33591U 09005A   23303.87288309  .00000311  00000-0  19164-3 0  9990
2 33591  99.0834 351.8674 0013328 217.9897 142.0336 14.12853548759102
1 33591U 09005A   23304.15615521  .00000292  00000-0  18138-3 0  9990
2 33591  99.0833 352.1547 0013341 217.1780 142.8468 14.12853641759144
1 33591U 09005A   23304.43942725  .00000300  00000-0  18616-3 0  9991
2 33591  99.0832 352.4419 0013349 216.3471 143.6795 14.12853848759185
1 33591U 09005A   23304.58106326  .00000299  00000-0  18514-3 0  9990
2 33591  99.0832 352.5855 0013355 215.9400 144.0874 14.12853947758940
1 33591U 09005A   23304.86433521  .00000305  00000-0  18841-3 0  9992
2 33591  99.0831 352.8728 0013368 215.1259 144.9031 14.12854137758989
1 33591U 09005A   23304.86433521  .00000305  00000-0  18841-3 0  9992
2 33591  99.0831 352.8728 0013368 215.1259 144.9031 14.12854137759249
1 33591U 09005A   23305.14760717  .00000297  00000-0  18445-3 0  9994
2 33591  99.0831 353.1600 0013376 214.3167 145.7141 14.12854315759283
1 33591U 09005A   23305.50169707  .00000278  00000-0  17403-3 0  9998
2 33591  99.0830 353.5191 0013392 213.2750 146.7581 14.12854439759337
1 33591U 09005A   23305.57251504  .00000278  00000-0  17413-3 0  9993
2 33591  99.0830 353.5909 0013393 213.0534 146.9801 14.12854497759086
1 33591U 09005A   23305.85578688  .00000281  00000-0  17592-3 0  9991
2 33591  99.0829 353.8781 0013407 212.2162 147.8191 14.12854680759120
1 33591U 09005A   23305.85578688  .00000281  00000-0  17592-3 0  9991
2 33591  99.0829 353.8781 0013407 212.2162 147.8191 14.12854680759388
1 33591U 09005A   23306.13905871  .00000278  00000-0  17433-3 0  9991
2 33591  99.0828 354.1653 0013416 211.4042 148.6330 14.12854864759420
1 33591U 09005A   23306.49314835  .00000294  00000-0  18275-3 0  9997
2 33591  99.0827 354.5243 0013433 210.3603 149.6792 14.12855201759472
1 33591U 09005A   23306.56396627  .00000293  00000-0  18216-3 0  9998
2 33591  99.0827 354.5962 0013437 210.1544 149.8855 14.12855257759222
1 33591U 09005A   23306.77642010  .00000278  00000-0  17408-3 0  9996
2 33591  99.0827 354.8116 0013446 209.5273 150.5140 14.12855328759255
1 33591U 09005A   23306.77642010  .00000278  00000-0  17408-3 0  9996
2 33591  99.0827 354.8116 0013446 209.5273 150.5140 14.12855328759514
1 33591U 09005A   23307.13050968  .00000286  00000-0  17817-3 0  9995
2 33591  99.0826 355.1706 0013464 208.4934 151.5503 14.12855595759569
1 33591U 09005A   23307.41378130  .00000301  00000-0  18638-3 0  9990
2 33591  99.0826 355.4578 0013480 207.6694 152.3761 14.12855877759604
1 33591U 09005A   23307.55541707  .00000309  00000-0  19076-3 0  9992
2 33591  99.0825 355.6014 0013489 207.2420 152.8045 14.12856068759368
1 33591U 09005A   23307.83868869  .00000294  00000-0  18246-3 0  9995
2 33591  99.0825 355.8886 0013498 206.4801 153.5682 14.12856173759666
1 33591U 09005A   23307.90950659  .00000290  00000-0  18066-3 0  9998
2 33591  99.0825 355.9604 0013502 206.2901 153.7587 14.12856207759417
1 33591U 09005A   23308.12196024  .00000281  00000-0  17550-3 0  9998
2 33591  99.0825 356.1758 0013510 205.6966 154.3535 14.12856347759700
1 33591U 09005A   23308.47604961  .00000298  00000-0  18462-3 0  9991
2 33591  99.0825 356.5349 0013528 204.6856 155.3669 14.12856696759757
1 33591U 09005A   23308.54686746  .00000304  00000-0  18805-3 0  9999
2 33591  99.0825 356.6067 0013532 204.4880 155.5650 14.12856777759500
1 33591U 09005A   23308.83013885  .00000299  00000-0  18519-3 0  9994
2 33591  99.0825 356.8939 0013544 203.7015 156.3534 14.12857005759803
1 33591U 09005A   23308.90095669  .00000296  00000-0  18377-3 0  9991
2 33591  99.0825 356.9658 0013550 203.5089 156.5464 14.12857048759551
1 33591U 09005A   23309.11341023  .00000297  00000-0  18419-3 0  9991
2 33591  99.0825 357.1812 0013560 202.8925 157.1643 14.12857230759849
1 33591U 09005A   23309.46749928  .00000341  00000-0  20776-3 0  9994
2 33591  99.0825 357.5402 0013581 201.8988 158.1605 14.12857783759896
1 33591U 09005A   23309.60913498  .00000337  00000-0  20554-3 0  9994
2 33591  99.0824 357.6838 0013586 201.4590 158.6013 14.12857847759652
1 33591U 09005A   23309.75077055  .00000358  00000-0  21697-3 0  9992
2 33591  99.0824 357.8274 0013590 201.0539 159.0074 14.12858047759938
1 33591U 09005A   23309.89240541  .00000532  00000-0  31057-3 0  9994
2 33591  99.0824 357.9711 0013598 200.6269 159.4355 14.12859321759693