1 25338U 98030A   23208.07164692  .00000276  00000-0  13283-3 0  9996
2 25338  98.6039 236.4428 0010128 190.9037 169.1925 14.26359673310944
1 25338U 98030A   23208.49253797  .00000257  00000-0  12503-3 0  9990
2 25338  98.6039 236.8564 0010161 189.6537 170.4449 14.26359852311009
1 25338U 98030A   23208.56268646  .00000255  00000-0  12418-3 0  9990
2 25338  98.6039 236.9253 0010166 189.4457 170.6534 14.26359889310768
1 25338U 98030A   23208.70298344  .00000253  00000-0  12342-3 0  9998
2 25338  98.6039 237.0632 0010175 189.0496 171.0502 14.26359957311037
1 25338U 98030A   23208.84328040  .00000257  00000-0  12506-3 0  9996
2 25338  98.6039 237.2011 0010184 188.6483 171.4523 14.26360054310802
1 25338U 98030A   23209.05372587  .00000254  00000-0  12359-3 0  9998
2 25338  98.6039 237.4078 0010200 188.0301 172.0718 14.26360177311089
1 25338U 98030A   23209.40446832  .00000238  00000-0  11694-3 0  9995
2 25338  98.6039 237.7526 0010225 186.9702 173.1337 14.26360291311131
1 25338U 98030A   23209.54476529  .00000236  00000-0  11605-3 0  9996
2 25338  98.6039 237.8904 0010234 186.5523 173.5525 14.26360376310900
1 25338U 98030A   23209.75521071  .00000238  00000-0  11720-3 0  9992
2 25338  98.6039 238.0972 0010244 185.8984 174.2078 14.26360485311185
1 25338U 98030A   23210.03580452  .00000243  00000-0  11896-3 0  9993
2 25338  98.6039 238.3730 0010263 185.0868 175.0209 14.26360692311224
1 25338U 98030A   23210.38654672  .00000255  00000-0  12402-3 0  9994
2 25338  98.6039 238.7177 0010283 184.0163 176.0937 14.26360995311272
1 25338U 98030A   23210.80743741  .00000259  00000-0  12584-3 0  9992
2 25338  98.6039 239.1313 0010307 182.7917 177.3207 14.26361246311339
1 25338U 98030A   23211.08803104  .00000264  00000-0  12803-3 0  9993
2 25338  98.6039 239.4071 0010326 181.9916 178.1225 14.26361495311373
1 25338U 98030A   23211.36862483  .00000257  00000-0  12507-3 0  9992
2 25338  98.6039 239.6828 0010342 181.1456 178.9702 14.26361578311419
1 25338U 98030A   23211.71936682  .00000269  00000-0  12981-3 0  9993
2 25338  98.6039 240.0275 0010360 180.1290 179.9889 14.26361857311468
1 25338U 98030A   23212.07010870  .00000287  00000-0  13742-3 0  9991
2 25338  98.6039 240.3722 0010384 179.1569 180.9631 14.26362190311515
1 25338U 98030A   23212.35070219  .00000293  00000-0  13992-3 0  9999
2 25338  98.6039 240.6480 0010398 178.3053 181.8164 14.26362427311551
1 25338U 98030A   23212.70144412  .00000296  00000-0  14109-3 0  9999
2 25338  98.6039 240.9927 0010421 177.3129 182.8109 14.26362658311602
1 25338U 98030A   23213.05218586  .00000285  00000-0  13671-3 0  9993
2 25338  98.6039 241.3374 0010449 176.3321 183.7937 14.26362872311658
1 25338U 98030A   23213.82381766  .00000278  00000-0  13379-3 0  9996
2 25338  98.6039 242.0957 0010492 174.1106 186.0200 14.26363336311765
1 25338U 98030A   23214.10441094  .00000279  00000-0  13395-3 0  9998
2 25338  98.6039 242.3714 0010509 173.3208 186.8114 14.26363543311809
1 25338U 98030A   23214.38500429  .00000268  00000-0  12971-3 0  9993
2 25338  98.6039 242.6472 0010529 172.5053 187.6287 14.26363646311842
1 25338U 98030A   23214.73574585  .00000272  00000-0  13138-3 0  9997
2 25338  98.6039 242.9919 0010545 171.4734 188.6628 14.26363878311895
1 25338U 98030A   23215.15663565  .00000295  00000-0  14068-3 0  9999
2 25338  98.6039 243.4055 0010570 170.2697 189.8690 14.26364283311955
1 25338U 98030A   23215.36708050  .00000301  00000-0  14338-3 0  9999
2 25338  98.6039 243.6123 0010585 169.6655 190.4745 14.26364435311986
1 25338U 98030A   23215.71782186  .00000300  00000-0  14262-3 0  9995
2 25338  98.6039 243.9569 0010604 168.6752 191.4669 14.26364656312030
1 25338U 98030A   23216.06856312  .00000292  00000-0  13950-3 0  9990
2 25338  98.6038 244.3016 0010628 167.7135 192.4307 14.26364889312085
1 25338U 98030A   23216.41930441  .00000269  00000-0  12976-3 0  9996
2 25338  98.6038 244.6463 0010651 166.7056 193.4407 14.26364975312135
1 25338U 98030A   23216.69989738  .00000267  00000-0  12889-3 0  9990
2 25338  98.6038 244.9221 0010661 165.9223 194.2256 14.26365169312179
1 25338U 98030A   23217.05063844  .00000278  00000-0  13353-3 0  9991
2 25338  98.6038 245.2667 0010683 164.9698 195.1801 14.26365493312228
1 25338U 98030A   23217.40137943  .00000296  00000-0  14132-3 0  9998
2 25338  98.6038 245.6114 0010704 163.9706 196.1815 14.26365841312270
1 25338U 98030A   23217.75212050  .00000300  00000-0  14276-3 0  9994
2 25338  98.6038 245.9561 0010725 163.0152 197.1389 14.26366080312327
1 25338U 98030A   23218.17300975  .00000268  00000-0  12936-3 0  9999
2 25338  98.6038 246.3697 0010746 161.8138 198.3429 14.26366179312388
1 25338U 98030A   23218.38345429  .00000264  00000-0  12796-3 0  9995
2 25338  98.6037 246.5765 0010766 161.2325 198.9254 14.26366305312416
1 25338U 98030A   23218.80434336  .00000258  00000-0  12520-3 0  9996
2 25338  98.6037 246.9902 0010783 160.0677 200.0926 14.26366533312479
1 25338U 98030A   23219.15508420  .00000258  00000-0  12550-3 0  9994
2 25338  98.6037 247.3349 0010804 159.1061 201.0563 14.26366760312525
1 25338U 98030A   23219.36552865  .00000254  00000-0  12388-3 0  9994
2 25338  98.6037 247.5416 0010821 158.5396 201.6240 14.26366871312559
1 25338U 98030A   23219.78641747  .00000265  00000-0  12810-3 0  9990
2 25338  98.6036 247.9553 0010843 157.3805 202.7855 14.26367197312613
1 25338U 98030A   23220.06700994  .00000268  00000-0  12953-3 0  9994
2 25338  98.6036 248.2310 0010857 156.6189 203.5487 14.26367430312654
1 25338U 98030A   23220.41775046  .00000302  00000-0  14378-3 0  9995
2 25338  98.6036 248.5757 0010882 155.6718 204.4978 14.26367863312708
1 25338U 98030A   23220.69834296  .00000285  00000-0  13663-3 0  9994
2 25338  98.6036 248.8514 0010892 154.8749 205.2963 14.26367922312741
1 25338U 98030A   23221.04908340  .00000294  00000-0  14015-3 0  9998
2 25338  98.6036 249.1961 0010915 153.9016 206.2716 14.26368204312790
1 25338U 98030A   23221.32967589  .00000283  00000-0  13576-3 0  9998
2 25338  98.6036 249.4718 0010929 153.1053 207.0695 14.26368258312830
1 25338U 98030A   23221.68041635  .00000250  00000-0  12192-3 0  9999
2 25338  98.6036 249.8165 0010949 152.1359 208.0410 14.26368327312888
1 25338U 98030A   23222.10130474  .00000252  00000-0  12281-3 0  9998
2 25338  98.6036 250.2301 0010973 150.9768 209.2025 14.26368610312940
1 25338U 98030A   23222.38189699  .00000243  00000-0  11898-3 0  9994
2 25338  98.6036 250.5058 0010988 150.1935 209.9873 14.26368723312983
1 25338U 98030A   23222.80278537  .00000230  00000-0  11351-3 0  9991
2 25338  98.6036 250.9194 0011009 149.0166 211.1666 14.26368881313044
1 25338U 98030A   23223.01322948  .00000232  00000-0  11469-3 0  9993
2 25338  98.6036 251.1262 0011017 148.4351 211.7492 14.26369038313072
1 25338U 98030A   23223.50426573  .00000230  00000-0  11362-3 0  9996
2 25338  98.6036 251.6087 0011049 147.1472 213.0398 14.26369319313147
1 25338U 98030A   23223.71470979  .00000229  00000-0  11308-3 0  9996
2 25338  98.6036 251.8155 0011059 146.5795 213.6085 14.26369420313172
1 25338U 98030A   23224.06544984  .00000233  00000-0  11486-3 0  9995
2 25338  98.6036 252.1602 0011074 145.6268 214.5631 14.26369654313227
1 25338U 98030A   23224.41618982  .00000248  00000-0  12113-3 0  9998
2 25338  98.6036 252.5049 0011092 144.7151 215.4765 14.26369929313275
1 25338U 98030A   23224.83707771  .00000257  00000-0  12472-3 0  9997
2 25338  98.6036 252.9185 0011113 143.5730 216.6208 14.26370232313335
1 25338U 98030A   23225.04752163  .00000259  00000-0  12586-3 0  9994
2 25338  98.6036 253.1253 0011120 143.0148 217.1801 14.26370385313367
1 25338U 98030A   23225.46840945  .00000255  00000-0  12425-3 0  9994
2 25338  98.6036 253.5389 0011144 141.8789 218.3182 14.26370609313425
1 25338U 98030A   23225.74900132  .00000250  00000-0  12191-3 0  9995
2 25338  98.6035 253.8146 0011155 141.1040 219.0945 14.26370727313463
1 25338U 98030A   23226.09974105  .00000259  00000-0  12572-3 0  9997
2 25338  98.6035 254.1592 0011168 140.1808 220.0194 14.26370986313518
1 25338U 98030A   23226.38033285  .00000258  00000-0  12547-3 0  9995
2 25338  98.6035 254.4350 0011182 139.3947 220.8069 14.26371135313553
1 25338U 98030A   23226.80122048  .00000254  00000-0  12385-3 0  9994
2 25338  98.6035 254.8486 0011198 138.2179 221.9859 14.26371345313618
1 25338U 98030A   23227.08181210  .00000261  00000-0  12657-3 0  9991
2 25338  98.6034 255.1243 0011210 137.4734 222.7317 14.26371569313655
1 25338U 98030A   23227.36240377  .00000260  00000-0  12608-3 0  9997
2 25338  98.6034 255.4001 0011223 136.7531 223.4532 14.26371736313698
1 25338U 98030A   23227.71314325  .00000267  00000-0  12909-3 0  9992
2 25338  98.6034 255.7447 0011238 135.7871 224.4210 14.26371945313749
1 25338U 98030A   23228.06388262  .00000275  00000-0  13247-3 0  9997
2 25338  98.6033 256.0894 0011247 134.8788 225.3307 14.26372220313794
1 25338U 98030A   23228.41462202  .00000268  00000-0  12948-3 0  9992
2 25338  98.6033 256.4340 0011265 133.9860 226.2251 14.26372374313849
1 25338U 98030A   23228.83550914  .00000272  00000-0  13125-3 0  9999
2 25338  98.6033 256.8476 0011282 132.7606 227.4526 14.26372682313904
1 25338U 98030A   23229.04595267  .00000269  00000-0  12981-3 0  9998
2 25338  98.6033 257.0544 0011289 132.2022 228.0118 14.26372820313938
1 25338U 98030A   23229.46683975  .00000261  00000-0  12657-3 0  9990
2 25338  98.6032 257.4679 0011307 131.1062 229.1096 14.26373039313999
1 25338U 98030A   23229.81757885  .00000269  00000-0  12977-3 0  9994
2 25338  98.6032 257.8126 0011318 130.1780 230.0393 14.26373271314044
1 25338U 98030A   23230.09817009  .00000266  00000-0  12869-3 0  9998
2 25338  98.6032 258.0883 0011326 129.4600 230.7584 14.26373452314082
1 25338U 98030A   23230.37876140  .00000259  00000-0  12557-3 0  9996
2 25338  98.6032 258.3640 0011341 128.6912 231.5285 14.26373543314123
1 25338U 98030A   23230.79964817  .00000241  00000-0  11813-3 0  9996
2 25338  98.6032 258.7776 0011356 127.5478 232.6735 14.26373722314185
1 25338U 98030A   23231.15038709  .00000238  00000-0  11701-3 0  9991
2 25338  98.6032 259.1222 0011364 126.6592 233.5634 14.26373949314237
1 25338U 98030A   23231.50112600  .00000234  00000-0  11526-3 0  9994
2 25338  98.6031 259.4668 0011380 125.7274 234.4966 14.26374121314284
1 25338U 98030A   23231.85186482  .00000229  00000-0  11339-3 0  9997
2 25338  98.6031 259.8114 0011391 124.7792 235.4462 14.26374295314330
1 25338U 98030A   23232.13245571  .00000240  00000-0  11763-3 0  9998
2 25338  98.6031 260.0871 0011393 124.1121 236.1142 14.26374562314370
1 25338U 98030A   23232.48319443  .00000234  00000-0  11534-3 0  9995
2 25338  98.6031 260.4318 0011407 123.2125 237.0151 14.26374723314425
1 25338U 98030A   23232.69363766  .00000226  00000-0  11203-3 0  9999
2 25338  98.6030 260.6385 0011414 122.6032 237.6252 14.26374806314451
1 25338U 98030A   23233.11452397  .00000239  00000-0  11723-3 0  9997
2 25338  98.6030 261.0521 0011420 121.5069 238.7228 14.26375121314516
1 25338U 98030A   23233.46526254  .00000243  00000-0  11899-3 0  9998
2 25338  98.6030 261.3968 0011436 120.5635 239.6675 14.26375329314560
1 25338U 98030A   23233.81600097  .00000254  00000-0  12342-3 0  9991
2 25338  98.6030 261.7414 0011439 119.6440 240.5881 14.26375585314616
1 25338U 98030A   23234.16673947  .00000255  00000-0  12421-3 0  9993
2 25338  98.6030 262.0860 0011448 118.7072 241.5261 14.26375806314660
1 25338U 98030A   23234.51747786  .00000252  00000-0  12273-3 0  9997
2 25338  98.6030 262.4306 0011460 117.7968 242.4376 14.26376013314710
1 25338U 98030A   23234.72792087  .00000251  00000-0  12232-3 0  9998
2 25338  98.6030 262.6374 0011467 117.2024 243.0326 14.26376116314741
1 25338U 98030A   23235.07865920  .00000233  00000-0  11474-3 0  9991
2 25338  98.6029 262.9820 0011478 116.3155 243.9205 14.26376231314793
1 25338U 98030A   23235.49954513  .00000228  00000-0  11281-3 0  9994
2 25338  98.6029 263.3956 0011489 115.2077 245.0295 14.26376428314858
1 25338U 98030A   23236.76220231  .00000230  00000-0  11348-3 0  9995
2 25338  98.6029 264.6363 0011505 111.9259 248.3146 14.26377150315033
1 25338U 98030A   23236.90249748  .00000235  00000-0  11565-3 0  9991
2 25338  98.6029 264.7742 0011511 111.5530 248.6878 14.26377263314804
1 25338U 98030A   23237.04279269  .00000232  00000-0  11432-3 0  9998
2 25338  98.6029 264.9120 0011514 111.1619 249.0793 14.26377339315078
1 25338U 98030A   23237.39353068  .00000224  00000-0  11110-3 0  9990
2 25338  98.6029 265.2566 0011520 110.2510 249.9909 14.26377471315124
1 25338U 98030A   23237.60397353  .00000216  00000-0  10797-3 0  9990
2 25338  98.6029 265.4634 0011523 109.6800 250.5624 14.26377532314904
1 25338U 98030A   23237.74426867  .00000226  00000-0  11199-3 0  9996
2 25338  98.6029 265.6012 0011528 109.3279 250.9149 14.26377629315171
1 25338U 98030A   23237.88456378  .00000239  00000-0  11721-3 0  9996
2 25338  98.6029 265.7391 0011528 108.9763 251.2668 14.26377771314947
1 25338U 98030A   23238.02485892  .00000235  00000-0  11592-3 0  9998
2 25338  98.6029 265.8769 0011530 108.6165 251.6268 14.26377847315218
1 25338U 98030A   23238.37559680  .00000232  00000-0  11434-3 0  9995
2 25338  98.6029 266.2216 0011538 107.6821 252.5620 14.26378008315263
1 25338U 98030A   23238.51589191  .00000240  00000-0  11791-3 0  9996
2 25338  98.6029 266.3594 0011541 107.2864 252.9580 14.26378119315037
1 25338U 98030A   23238.72633458  .00000237  00000-0  11641-3 0  9995
2 25338  98.6028 266.5662 0011540 106.7287 253.5161 14.26378196315314
1 25338U 98030A   23238.86662967  .00000240  00000-0  11787-3 0  9992
2 25338  98.6028 266.7040 0011543 106.3485 253.8965 14.26378279315086
1 25338U 98030A   23239.07707229  .00000240  00000-0  11766-3 0  9994
2 25338  98.6028 266.9108 0011544 105.7827 254.4627 14.26378408315364
1 25338U 98030A   23239.35766246  .00000242  00000-0  11850-3 0  9995
2 25338  98.6028 267.1865 0011556 105.0328 255.2132 14.26378556315150
1 25338U 98030A   23239.35766246  .00000242  00000-0  11850-3 0  9995
2 25338  98.6028 267.1865 0011556 105.0328 255.2132 14.26378556315408
1 25338U 98030A   23239.70840005  .00000237  00000-0  11650-3 0  9992
2 25338  98.6028 267.5311 0011556 104.1381 256.1084 14.26378718315458
1 25338U 98030A   23239.84869508  .00000235  00000-0  11592-3 0  9999
2 25338  98.6028 267.6690 0011555 103.7788 256.4679 14.26378765315224
1 25338U 98030A   23240.05913758  .00000236  00000-0  11606-3 0  9998
2 25338  98.6028 267.8758 0011552 103.2383 257.0086 14.26378906315501
1 25338U 98030A   23240.40987514  .00000221  00000-0  10975-3 0  9990
2 25338  98.6028 268.2204 0011557 102.3054 257.9420 14.26379022315558
1 25338U 98030A   23240.69046512  .00000209  00000-0  10479-3 0  9990
2 25338  98.6028 268.4961 0011556 101.5648 258.6830 14.26379118315592
1 25338U 98030A   23240.83076007  .00000207  00000-0  10398-3 0  9996
2 25338  98.6027 268.6339 0011557 101.2065 259.0415 14.26379181315362
1 25338U 98030A   23241.11135002  .00000204  00000-0  10271-3 0  9996
2 25338  98.6027 268.9096 0011552 100.4810 259.7672 14.26379323315651
1 25338U 98030A   23241.32179247  .00000208  00000-0  10463-3 0  9995
2 25338  98.6027 269.1164 0011556  99.9102 260.3383 14.26379435315684
1 25338U 98030A   23241.67252985  .00000215  00000-0  10720-3 0  9998
2 25338  98.6027 269.4610 0011563  98.9785 261.2704 14.26379634315731
1 25338U 98030A   23241.81282475  .00000215  00000-0  10733-3 0  9995
2 25338  98.6027 269.5989 0011561  98.5892 261.6599 14.26379708315507
1 25338U 98030A   23242.09341454  .00000221  00000-0  11009-3 0  9993
2 25338  98.6027 269.8746 0011556  97.8598 262.3895 14.26379898315798
1 25338U 98030A   23242.37400433  .00000230  00000-0  11353-3 0  9999
2 25338  98.6027 270.1503 0011568  97.1202 263.1294 14.26380063315835
1 25338U 98030A   23242.72474151  .00000231  00000-0  11413-3 0  9994
2 25338  98.6026 270.4949 0011567  96.2001 264.0497 14.26380235315888
1 25338U 98030A   23242.86503633  .00000231  00000-0  11412-3 0  9996
2 25338  98.6026 270.6327 0011565  95.8366 264.4133 14.26380328315656
1 25338U 98030A   23243.14562603  .00000229  00000-0  11339-3 0  9995
2 25338  98.6026 270.9084 0011566  95.0968 265.1533 14.26380478315940
1 25338U 98030A   23243.42621570  .00000226  00000-0  11190-3 0  9997
2 25338  98.6026 271.1841 0011569  94.3682 265.8820 14.26380599315986
1 25338U 98030A   23243.70680529  .00000225  00000-0  11161-3 0  9994
2 25338  98.6026 271.4598 0011567  93.6229 266.6274 14.26380755316027
1 25338U 98030A   23243.84710005  .00000226  00000-0  11186-3 0  9990
2 25338  98.6026 271.5976 0011562  93.2562 266.9941 14.26380825315794
1 25338U 98030A   23244.05754222  .00000216  00000-0  10777-3 0  9997
2 25338  98.6025 271.8044 0011560  92.7050 267.5454 14.26380925316075
1 25338U 98030A   23244.47842659  .00000210  00000-0  10542-3 0  9999
2 25338  98.6025 272.2179 0011561  91.6161 268.6344 14.26381143316131
1 25338U 98030A   23244.54857396  .00000211  00000-0  10554-3 0  9995
2 25338  98.6025 272.2869 0011562  91.4291 268.8214 14.26381184315895
1 25338U 98030A   23244.82916339  .00000208  00000-0  10429-3 0  9996
2 25338  98.6025 272.5626 0011553  90.7239 269.5265 14.26381311316182
1 25338U 98030A   23244.89931075  .00000207  00000-0  10403-3 0  9998
2 25338  98.6025 272.6315 0011550  90.5492 269.7011 14.26381350315941
1 25338U 98030A   23245.03960547  .00000205  00000-0  10330-3 0  9998
2 25338  98.6024 272.7693 0011547  90.1822 270.0681 14.26381428316214
1 25338U 98030A   23245.46048960  .00000212  00000-0  10606-3 0  9995
2 25338  98.6024 273.1828 0011542  89.0971 271.1531 14.26381675316272
1 25338U 98030A   23245.53063695  .00000210  00000-0  10551-3 0  9992
2 25338  98.6024 273.2518 0011542  88.9181 271.3322 14.26381711316035
1 25338U 98030A   23245.74107897  .00000213  00000-0  10651-3 0  9992
2 25338  98.6024 273.4585 0011541  88.3668 271.8834 14.26381812316310
1 25338U 98030A   23245.88137317  .00000305  00000-0  14473-3 0  9995
2 25338  98.6023 273.5964 0011544  87.9854 272.2648 14.26382496316087
1 25338U 98030A   23246.09181556  .00000223  00000-0  11070-3 0  9992
2 25338  98.6023 273.8031 0011544  87.4257 272.8245 14.26382060316364
1 25338U 98030A   23246.37240484  .00000258  00000-0  12544-3 0  9994
2 25338  98.6023 274.0788 0011546  86.6912 273.5588 14.26382395316401
1 25338U 98030A   23246.51269949  .00000245  00000-0  11967-3 0  9991
2 25338  98.6023 274.2166 0011546  86.3170 273.9331 14.26382395316170
1 25338U 98030A   23246.72314141  .00000243  00000-0  11884-3 0  9995
2 25338  98.6023 274.4234 0011542  85.7584 274.4915 14.26382489316455
1 25338U 98030A   23247.07387794  .00000223  00000-0  11080-3 0  9994
2 25338  98.6022 274.7680 0011539  84.8476 275.4021 14.26382579316503
1 25338U 98030A   23247.35446721  .00000219  00000-0  10901-3 0  9997
2 25338  98.6022 275.0437 0011540  84.1203 276.1292 14.26382674316548
1 25338U 98030A   23247.56490910  .00000198  00000-0  10019-3 0  9995
2 25338  98.6022 275.2504 0011535  83.5718 276.6775 14.26382675316321
1 25338U 98030A   23247.84549818  .00000201  00000-0  10147-3 0  9995
2 25338  98.6021 275.5261 0011526  82.8413 277.4077 14.26382823316618
1 25338U 98030A   23248.12608731  .00000183  00000-0  94288-4 0  9995
2 25338  98.6021 275.8018 0011515  82.0951 278.1536 14.26382920316658
1 25338U 98030A   23248.47682365  .00000175  00000-0  90940-4 0  9990
2 25338  98.6021 276.1464 0011510  81.1867 279.0616 14.26383041316708
1 25338U 98030A   23248.54697092  .00000173  00000-0  89982-4 0  9993
2 25338  98.6021 276.2153 0011511  80.9960 279.2522 14.26383071316460
1 25338U 98030A   23248.82755985  .00000189  00000-0  96585-4 0  9994
2 25338  98.6021 276.4910 0011499  80.2716 279.9763 14.26383292316751
1 25338U 98030A   23249.03800158  .00000194  00000-0  98504-4 0  9990
2 25338  98.6021 276.6977 0011489  79.6960 280.5515 14.26383428316785
1 25338U 98030A   23249.45888512  .00000207  00000-0  10393-3 0  9990
2 25338  98.6021 277.1112 0011483  78.6109 281.6361 14.26383675316842
1 25338U 98030A   23249.52903235  .00000206  00000-0  10363-3 0  9994
2 25338  98.6021 277.1801 0011482  78.4241 281.8228 14.26383713316602
1 25338U 98030A   23249.73947405  .00000209  00000-0  10489-3 0  9996
2 25338  98.6020 277.3869 0011475  77.8655 282.3810 14.26383800316881
1 25338U 98030A   23249.87976846  .00000228  00000-0  11274-3 0  9996
2 25338  98.6020 277.5247 0011473  77.4796 282.7667 14.26383967316656
1 25338U 98030A   23250.02006289  .00000228  00000-0  11285-3 0  9992
2 25338  98.6020 277.6625 0011471  77.1035 283.1426 14.26384050316920
1 25338U 98030A   23250.51109352  .00000211  00000-0  10580-3 0  9990
2 25338  98.6020 278.1450 0011469  75.8019 284.4435 14.26384162316991
1 25338U 98030A   23250.72153513  .00000211  00000-0  10560-3 0  9999
2 25338  98.6020 278.3517 0011465  75.2303 285.0146 14.26384249317020
1 25338U 98030A   23250.86182951  .00000225  00000-0  11146-3 0  9998
2 25338  98.6020 278.4895 0011462  74.8474 285.3973 14.26384397316799
1 25338U 98030A   23251.07227108  .00000223  00000-0  11052-3 0  9990
2 25338  98.6019 278.6963 0011457  74.2836 285.9607 14.26384511317075
1 25338U 98030A   23251.35285993  .00000204  00000-0  10287-3 0  9995
2 25338  98.6019 278.9719 0011453  73.5700 286.6738 14.26384523317116
1 25338U 98030A   23251.56330157  .00000184  00000-0  94472-4 0  9997
2 25338  98.6019 279.1787 0011448  73.0206 287.2228 14.26384516316891
1 25338U 98030A   23251.77374310  .00000189  00000-0  96672-4 0  9998
2 25338  98.6019 279.3854 0011439  72.4484 287.7945 14.26384615317172
1 25338U 98030A   23251.84389023  .00000204  00000-0  10303-3 0  9997
2 25338  98.6019 279.4544 0011435  72.2779 287.9649 14.26384732316936
1 25338U 98030A   23252.12447892  .00000183  00000-0  93951-4 0  9995
2 25338  98.6019 279.7300 0011423  71.5333 288.7088 14.26384783317229
1 25338U 98030A   23252.40506761  .00000176  00000-0  91207-4 0  9991
2 25338  98.6019 280.0057 0011417  70.7792 289.4623 14.26384872317262
1 25338U 98030A   23252.54536195  .00000185  00000-0  94775-4 0  9993
2 25338  98.6019 280.1435 0011413  70.4068 289.8343 14.26384986317036
1 25338U 98030A   23252.75580338  .00000198  00000-0  10034-3 0  9993
2 25338  98.6019 280.3502 0011402  69.8384 290.4022 14.26385120317318
1 25338U 98030A   23253.10653897  .00000232  00000-0  11432-3 0  9996
2 25338  98.6019 280.6948 0011385  68.8987 291.3410 14.26385492317361
1 25338U 98030A   23253.38712764  .00000230  00000-0  11384-3 0  9999
2 25338  98.6019 280.9705 0011384  68.1784 292.0606 14.26385557317404
1 25338U 98030A   23253.59756907  .00000226  00000-0  11187-3 0  9995
2 25338  98.6018 281.1772 0011377  67.6209 292.6176 14.26385636317189
1 25338U 98030A   23253.80801046  .00000234  00000-0  11510-3 0  9993
2 25338  98.6018 281.3840 0011375  67.0587 293.1792 14.26385737317461
1 25338U 98030A   23254.08859887  .00000259  00000-0  12587-3 0  9992
2 25338  98.6018 281.6596 0011363  66.3126 293.9246 14.26386013317505
1 25338U 98030A   23254.36918741  .00000254  00000-0  12349-3 0  9999
2 25338  98.6018 281.9353 0011370  65.5661 294.6704 14.26386088317545
1 25338U 98030A   23254.57962871  .00000249  00000-0  12138-3 0  9995
2 25338  98.6018 282.1420 0011358  65.0057 295.2301 14.26386194317327
1 25338U 98030A   23254.71992287  .00000245  00000-0  12000-3 0  9999
2 25338  98.6017 282.2799 0011347  64.6206 295.6148 14.26386249317598
1 25338U 98030A   23255.07065826  .00000252  00000-0  12274-3 0  9990
2 25338  98.6017 282.6244 0011335  63.6877 296.5466 14.26386485317648
1 25338U 98030A   23255.35124667  .00000238  00000-0  11714-3 0  9992
2 25338  98.6016 282.9001 0011333  62.9655 297.2681 14.26386546317684
1 25338U 98030A   23255.56168786  .00000239  00000-0  11736-3 0  9990
2 25338  98.6016 283.1068 0011320  62.4024 297.8305 14.26386672317466
1 25338U 98030A   23255.70198201  .00000231  00000-0  11399-3 0  9998
2 25338  98.6016 283.2446 0011321  62.0279 298.2046 14.26386701317736
1 25338U 98030A   23255.84227594  .00000272  00000-0  13116-3 0  9995
2 25338  98.6016 283.3825 0011318  61.6670 298.5651 14.26387049317500
1 25338U 98030A   23256.05271705  .00000271  00000-0  13068-3 0  9997
2 25338  98.6015 283.5892 0011307  61.1013 299.1300 14.26387191317785
1 25338U 98030A   23256.33330514  .00000308  00000-0  14586-3 0  9999
2 25338  98.6015 283.8648 0011304  60.3891 299.8414 14.26387533317827
1 25338U 98030A   23256.54374626  .00000291  00000-0  13888-3 0  9999
2 25338  98.6014 284.0716 0011295  59.8274 300.4024 14.26387552317605
1 25338U 98030A   23256.68404033  .00000285  00000-0  13632-3 0  9990
2 25338  98.6014 284.2094 0011293  59.4409 300.7884 14.26387592317870
1 25338U 98030A   23256.89448140  .00000284  00000-0  13592-3 0  9994
2 25338  98.6014 284.4161 0011288  58.8847 301.3440 14.26387693317653
1 25338U 98030A   23257.10492239  .00000284  00000-0  13602-3 0  9999
2 25338  98.6014 284.6228 0011274  58.3062 301.9216 14.26387855317936
1 25338U 98030A   23257.38551046  .00000281  00000-0  13488-3 0  9990
2 25338  98.6013 284.8985 0011273  57.5559 302.6709 14.26387992317979
1 25338U 98030A   23257.59595149  .00000291  00000-0  13894-3 0  9997
2 25338  98.6013 285.1052 0011260  56.9858 303.2403 14.26388143317752
1 25338U 98030A   23257.80639246  .00000261  00000-0  12655-3 0  9999
2 25338  98.6012 285.3119 0011255  56.4069 303.8184 14.26388081318035
1 25338U 98030A   23257.87653944  .00000261  00000-0  12652-3 0  9994
2 25338  98.6012 285.3808 0011252  56.2235 304.0015 14.26388123317795
1 25338U 98030A   23258.08698030  .00000264  00000-0  12776-3 0  9993
2 25338  98.6012 285.5876 0011230  55.6494 304.5747 14.26388302318076
1 25338U 98030A   23258.36756822  .00000289  00000-0  13807-3 0  9991
2 25338  98.6012 285.8632 0011230  54.9339 305.2893 14.26388597318110
1 25338U 98030A   23258.57800914  .00000266  00000-0  12874-3 0  9994
2 25338  98.6012 286.0699 0011212  54.3505 305.8718 14.26388577317899
1 25338U 98030A   23258.71830303  .00000261  00000-0  12645-3 0  9996
2 25338  98.6011 286.2077 0011206  53.9866 306.2351 14.26388651318160
1 25338U 98030A   23259.06903768  .00000250  00000-0  12210-3 0  9997
2 25338  98.6010 286.5523 0011189  53.0159 307.2044 14.26388853318214
1 25338U 98030A   23259.34962543  .00000259  00000-0  12566-3 0  9997
2 25338  98.6010 286.8279 0011180  52.2781 307.9411 14.26389078318257
1 25338U 98030A   23259.56006628  .00000242  00000-0  11876-3 0  9999
2 25338  98.6010 287.0346 0011166  51.7079 308.5104 14.26389107318038
1 25338U 98030A   23259.70036013  .00000234  00000-0  11536-3 0  9990
2 25338  98.6010 287.1724 0011159  51.2976 308.9200 14.26389155318306
1 25338U 98030A   23260.05109464  .00000250  00000-0  12208-3 0  9996
2 25338  98.6009 287.5170 0011145  50.3456 309.8706 14.26389478318355
1 25338U 98030A   23260.33168219  .00000278  00000-0  13362-3 0  9992
2 25338  98.6009 287.7926 0011135  49.6157 310.5994 14.26389832318390
1 25338U 98030A   23260.54212283  .00000278  00000-0  13353-3 0  9996
2 25338  98.6009 287.9993 0011127  49.0625 311.1517 14.26389976318174
1 25338U 98030A   23260.75256345  .00000279  00000-0  13382-3 0  9999
2 25338  98.6008 288.2060 0011120  48.4767 311.7365 14.26390112318457
1 25338U 98030A   23261.03315105  .00000291  00000-0  13883-3 0  9991
2 25338  98.6008 288.4816 0011106  47.7017 312.5103 14.26390330318497
1 25338U 98030A   23261.38388558  .00000257  00000-0  12487-3 0  9992
2 25338  98.6007 288.8261 0011096  46.7867 313.4238 14.26390307318543
1 25338U 98030A   23261.59432618  .00000255  00000-0  12421-3 0  9998
2 25338  98.6007 289.0329 0011085  46.2052 314.0044 14.26390426318320
1 25338U 98030A   23261.66447306  .00000250  00000-0  12205-3 0  9991
2 25338  98.6007 289.1018 0011085  46.0219 314.1873 14.26390437318580
1 25338U 98030A   23261.87491357  .00000267  00000-0  12900-3 0  9999
2 25338  98.6007 289.3085 0011079  45.4479 314.7605 14.26390658318360
1 25338U 98030A   23262.08535408  .00000276  00000-0  13281-3 0  9992
2 25338  98.6006 289.5152 0011070  44.8720 315.3353 14.26390840318640
1 25338U 98030A   23262.36594139  .00000270  00000-0  13016-3 0  9999
2 25338  98.6006 289.7908 0011059  44.1331 316.0730 14.26390986318681
1 25338U 98030A   23262.71667540  .00000273  00000-0  13135-3 0  9990
2 25338  98.6006 290.1353 0011047  43.1827 317.0217 14.26391254318733
1 25338U 98030A   23263.13755618  .00000298  00000-0  14185-3 0  9994
2 25338  98.6005 290.5487 0011023  42.0268 318.1756 14.26391692318797
1 25338U 98030A   23263.34799656  .00000289  00000-0  13818-3 0  9999
2 25338  98.6005 290.7554 0011009  41.4520 318.7494 14.26391782318821
1 25338U 98030A   23263.55843693  .00000277  00000-0  13317-3 0  9994
2 25338  98.6005 290.9621 0010994  40.8584 319.3419 14.26391859318608
1 25338U 98030A   23263.83902408  .00000271  00000-0  13051-3 0  9994
2 25338  98.6005 291.2377 0010982  40.0727 320.1261 14.26391975318893
1 25338U 98030A   23264.04946437  .00000273  00000-0  13138-3 0  9996
2 25338  98.6004 291.4444 0010970  39.4880 320.7098 14.26392134318924
1 25338U 98030A   23264.54049174  .00000269  00000-0  12983-3 0  9995
2 25338  98.6004 291.9267 0010944  38.1351 322.0602 14.26392438318992
1 25338U 98030A   23264.75093199  .00000261  00000-0  12640-3 0  9996
2 25338  98.6004 292.1334 0010932  37.5235 322.6706 14.26392528319027
1 25338U 98030A   23264.96137220  .00000269  00000-0  12969-3 0  9995
2 25338  98.6004 292.3401 0010921  36.9448 323.2483 14.26392717318805
1 25338U 98030A   23265.17181244  .00000282  00000-0  13521-3 0  9994
2 25338  98.6004 292.5468 0010911  36.3281 323.8638 14.26392922319085
1 25338U 98030A   23265.52254606  .00000283  00000-0  13555-3 0  9994
2 25338  98.6004 292.8913 0010892  35.3681 324.8220 14.26393161319134
1 25338U 98030A   23265.59269277  .00000285  00000-0  13669-3 0  9999
2 25338  98.6004 292.9602 0010889  35.1650 325.0247 14.26393208318896
1 25338U 98030A   23265.73298618  .00000281  00000-0  13486-3 0  9999
2 25338  98.6004 293.0980 0010880  34.7566 325.4323 14.26393288319167
1 25338U 98030A   23265.87327958  .00000285  00000-0  13635-3 0  9994
2 25338  98.6004 293.2359 0010874  34.3720 325.8161 14.26393397318939
1 25338U 98030A   23266.15386638  .00000278  00000-0  13351-3 0  9993
2 25338  98.6003 293.5115 0010855  33.5846 326.6020 14.26393549319225
1 25338U 98030A   23266.50459987  .00000279  00000-0  13399-3 0  9993
2 25338  98.6003 293.8560 0010833  32.6101 327.5746 14.26393752319278
1 25338U 98030A   23266.57474656  .00000279  00000-0  13382-3 0  9992
2 25338  98.6003 293.9249 0010830  32.4174 327.7669 14.26393795319035
1 25338U 98030A   23266.78518662  .00000272  00000-0  13105-3 0  9997
2 25338  98.6003 294.1316 0010822  31.8282 328.3551 14.26393885319315
1 25338U 98030A   23267.13591995  .00000267  00000-0  12893-3 0  9994
2 25338  98.6002 294.4761 0010803  30.8170 329.3642 14.26394113319367
1 25338U 98030A   23267.48665322  .00000291  00000-0  13891-3 0  9994
2 25338  98.6002 294.8206 0010782  29.8578 330.3216 14.26394456319416
1 25338U 98030A   23267.55679987  .00000286  00000-0  13682-3 0  9996
2 25338  98.6002 294.8895 0010778  29.6482 330.5307 14.26394487319177
1 25338U 98030A   23267.83738645  .00000274  00000-0  13197-3 0  9992
2 25338  98.6002 295.1651 0010772  28.8707 331.3068 14.26394614319463
1 25338U 98030A   23267.90753309  .00000274  00000-0  13206-3 0  9995
2 25338  98.6002 295.2340 0010768  28.6743 331.5028 14.26394660319225
1 25338U 98030A   23268.11797299  .00000275  00000-0  13237-3 0  9990
2 25338  98.6002 295.4407 0010757  28.0903 332.0856 14.26394810319504
1 25338U 98030A   23268.32841244  .00000356  00000-0  16607-3 0  9997
2 25338  98.6001 295.6473 0010751  27.5006 332.6741 14.26395514319534
1 25338U 98030A   23268.60899920  .00000324  00000-0  15282-3 0  9995
2 25338  98.6001 295.9229 0010741  26.7454 333.4278 14.26395422319322
1 25338U 98030A   23268.81943898  .00000319  00000-0  15070-3 0  9991
2 25338  98.6001 296.1296 0010730  26.1708 334.0013 14.26395542319601
1 25338U 98030A   23268.88958557  .00000321  00000-0  15158-3 0  9996
2 25338  98.6001 296.1985 0010726  25.9749 334.1968 14.26395600319361
1 25338U 98030A   23269.17017203  .00000307  00000-0  14560-3 0  9993
2 25338  98.6000 296.4741 0010711  25.1944 334.9757 14.26395708319651
1 25338U 98030A   23269.52090481  .00000329  00000-0  15493-3 0  9991
2 25338  98.6000 296.8186 0010694  24.2374 335.9307 14.26396094319702
1 25338U 98030A   23269.59105138  .00000329  00000-0  15478-3 0  9997
2 25338  98.6000 296.8875 0010693  24.0363 336.1314 14.26396144319462
1 25338U 98030A   23269.80149100  .00000335  00000-0  15713-3 0  9997
2 25338  98.5999 297.0941 0010686  23.4379 336.7286 14.26396326319744
1 25338U 98030A   23270.15222381  .00000330  00000-0  15528-3 0  9999
2 25338  98.5999 297.4386 0010668  22.4526 337.7119 14.26396541319794
1 25338U 98030A   23270.50295655  .00000324  00000-0  15266-3 0  9994
2 25338  98.5999 297.7830 0010646  21.4667 338.6958 14.26396741319841
1 25338U 98030A   23270.78354254  .00000326  00000-0  15352-3 0  9993
2 25338  98.5998 298.0586 0010626  20.6074 339.5533 14.26396967319886
1 25338U 98030A   23271.13427514  .00000310  00000-0  14691-3 0  9991
2 25338  98.5997 298.4031 0010603  19.6086 340.5500 14.26397148319934
1 25338U 98030A   23271.48500762  .00000314  00000-0  14843-3 0  9999
2 25338  98.5997 298.7476 0010575  18.5999 341.5566 14.26397441319983
1 25338U 98030A   23271.62530059  .00000303  00000-0  14382-3 0  9993
2 25338  98.5997 298.8854 0010566  18.1913 341.9643 14.26397514319752
1 25338U 98030A   23271.69544708  .00000298  00000-0  14205-3 0  9993
2 25338  98.5997 298.9543 0010562  17.9825 342.1727 14.26397545320014
1 25338U 98030A   23271.83574004  .00000295  00000-0  14053-3 0  9999
2 25338  98.5996 299.0920 0010557  17.5968 342.5576 14.26397619319782
1 25338U 98030A   23272.11632597  .00000298  00000-0  14180-3 0  9997
2 25338  98.5996 299.3676 0010543  16.7790 343.3737 14.26397847320077
1 25338U 98030A   23272.46705822  .00000296  00000-0  14118-3 0  9996
2 25338  98.5995 299.7121 0010516  15.7774 344.3732 14.26398136320120
1 25338U 98030A   23272.60735113  .00000286  00000-0  13707-3 0  9990
2 25338  98.5995 299.8498 0010515  15.3507 344.7990 14.26398223319896
1 25338U 98030A   23272.74764405  .00000284  00000-0  13598-3 0  9997
2 25338  98.5995 299.9876 0010509  14.9799 345.1691 14.26398297320164
1 25338U 98030A   23273.09837625  .00000289  00000-0  13804-3 0  9996
2 25338  98.5994 300.3321 0010487  13.9609 346.1859 14.26398579320215
1 25338U 98030A   23273.16852268  .00000290  00000-0  13844-3 0  9990
2 25338  98.5994 300.4010 0010485  13.7593 346.3871 14.26398631319975
1 25338U 98030A   23273.51925476  .00000285  00000-0  13670-3 0  9992
2 25338  98.5994 300.7455 0010462  12.7825 347.3618 14.26398868320270
1 25338U 98030A   23273.79984034  .00000288  00000-0  13775-3 0  9996
2 25338  98.5993 301.0211 0010446  11.9880 348.1547 14.26399108320310
1 25338U 98030A   23274.15057233  .00000323  00000-0  15227-3 0  9993
2 25338  98.5993 301.3655 0010427  11.0313 349.1094 14.26399567320368
1 25338U 98030A   23274.50130430  .00000300  00000-0  14262-3 0  9996
2 25338  98.5992 301.7099 0010408  10.0390 350.0996 14.26399710320414
1 25338U 98030A   23274.57145067  .00000293  00000-0  13979-3 0  9990
2 25338  98.5992 301.7788 0010404   9.8358 350.3024 14.26399748320174
1 25338U 98030A   23274.78188977  .00000286  00000-0  13710-3 0  9995
2 25338  98.5992 301.9855 0010392   9.2097 350.9272 14.26399867320455
1 25338U 98030A   23274.92218248  .00000292  00000-0  13960-3 0  9990
2 25338  98.5991 302.1233 0010385   8.7902 351.3458 14.26400015320222
1 25338U 98030A   23275.13262154  .00000311  00000-0  14746-3 0  9994
2 25338  98.5991 302.3300 0010375   8.1700 351.9648 14.26400273320502
1 25338U 98030A   23275.48335330  .00000292  00000-0  13931-3 0  9992
2 25338  98.5991 302.6744 0010353   7.1669 352.9658 14.26400446320555
1 25338U 98030A   23275.83408491  .00000294  00000-0  14013-3 0  9994
2 25338  98.5990 303.0189 0010332   6.0998 354.0307 14.26400739320359
1 25338U 98030A   23275.83408491  .00000294  00000-0  14013-3 0  9994
2 25338  98.5990 303.0189 0010332   6.0998 354.0307 14.26400739320607
1 25338U 98030A   23276.11467026  .00000292  00000-0  13961-3 0  9994
2 25338  98.5989 303.2944 0010317   5.2566 354.8720 14.26400929320643
1 25338U 98030A   23276.53554814  .00000297  00000-0  14140-3 0  9997
2 25338  98.5989 303.7077 0010294   4.0360 356.0901 14.26401245320702
1 25338U 98030A   23276.60569445  .00000295  00000-0  14069-3 0  9999
2 25338  98.5989 303.7766 0010292   3.8191 356.3066 14.26401280320461
1 25338U 98030A   23276.81613332  .00000311  00000-0  14743-3 0  9995
2 25338  98.5988 303.9833 0010280   3.2083 356.9161 14.26401498320742
1 25338U 98030A   23276.95642592  .00000307  00000-0  14551-3 0  9992
2 25338  98.5988 304.1210 0010272   2.7883 357.3353 14.26401585320517
1 25338U 98030A   23277.16686483  .00000307  00000-0  14579-3 0  9993
2 25338  98.5988 304.3276 0010262   2.1734 357.9489 14.26401768320798
1 25338U 98030A   23277.37730368  .00000302  00000-0  14370-3 0  9992
2 25338  98.5988 304.5343 0010246   1.5594 358.5616 14.26401885320827
1 25338U 98030A   23277.58774244  .00000320  00000-0  15110-3 0  9999
2 25338  98.5987 304.7410 0010235   0.9165 359.2032 14.26402150320600
1 25338U 98030A   23277.72803493  .00000316  00000-0  14941-3 0  9990
2 25338  98.5987 304.8787 0010227   0.5183 359.6006 14.26402254320874
1 25338U 98030A   23277.93847371  .00000324  00000-0  15280-3 0  9992
2 25338  98.5987 305.0854 0010213 359.9141   0.2036 14.26402422320657
1 25338U 98030A   23278.14891243  .00000376  00000-0  17438-3 0  9997
2 25338  98.5986 305.2920 0010202 359.3212   0.7952 14.26402843320933
1 25338U 98030A   23278.49964356  .00000365  00000-0  16977-3 0  9996
2 25338  98.5986 305.6365 0010180 358.3238   1.7907 14.26403083320985
1 25338U 98030A   23278.56978977  .00000368  00000-0  17120-3 0  9992
2 25338  98.5986 305.7054 0010177 358.1212   1.9929 14.26403155320747
1 25338U 98030A   23278.85037460  .00000364  00000-0  16925-3 0  9995
2 25338  98.5986 305.9809 0010160 357.2430   2.8692 14.26403333321039
1 25338U 98030A   23278.92052081  .00000363  00000-0  16873-3 0  9990
2 25338  98.5986 306.0498 0010156 357.0336   3.0782 14.26403388320798
1 25338U 98030A   23279.13095949  .00000398  00000-0  18331-3 0  9993
2 25338  98.5985 306.2564 0010145 356.4055   3.7051 14.26403728321078
1 25338U 98030A   23279.55183655  .00000387  00000-0  17878-3 0  9994
2 25338  98.5986 306.6698 0010120 355.1582   4.9499 14.26404046320886
1 25338U 98030A   23279.55183655  .00000392  00000-0  18095-3 0  9992
2 25338  98.5986 306.6698 0010120 355.1658   4.9423 14.26404064321136
1 25338U 98030A   23279.83242122  .00000381  00000-0  17660-3 0  9993
2 25338  98.5986 306.9453 0010105 354.2791   5.8272 14.26404226321175
1 25338U 98030A   23279.90256738  .00000383  00000-0  17744-3 0  9994
2 25338  98.5986 307.0142 0010101 354.0610   6.0449 14.26404294320933
1 25338U 98030A   23280.04285970  .00000376  00000-0  17417-3 0  9990
2 25338  98.5986 307.1520 0010095 353.6276   6.4775 14.26404401321206
1 25338U 98030A   23280.53388288  .00000368  00000-0  17091-3 0  9999
2 25338  98.5986 307.6342 0010065 352.1805   7.9217 14.26404736321277
1 25338U 98030A   23280.81446745  .00000357  00000-0  16642-3 0  9992
2 25338  98.5985 307.9097 0010051 351.3479   8.7527 14.26404909321319
1 25338U 98030A   23280.95475970  .00000357  00000-0  16659-3 0  9997
2 25338  98.5985 308.0475 0010043 350.9064   9.1932 14.26405029321080
1 25338U 98030A   23281.09505197  .00000355  00000-0  16543-3 0  9998
2 25338  98.5985 308.1852 0010036 350.5023   9.5966 14.26405130321357
1 25338U 98030A   23281.37563645  .00000383  00000-0  17720-3 0  9990
2 25338  98.5985 308.4607 0010021 349.6951  10.4022 14.26405457321391
1 25338U 98030A   23281.58607476  .00000386  00000-0  17833-3 0  9992
2 25338  98.5985 308.6674 0010010 349.0593  11.0368 14.26405673321177
1 25338U 98030A   23281.86665910  .00000383  00000-0  17717-3 0  9998
2 25338  98.5984 308.9429 0009997 348.1790  11.9154 14.26405883321465
1 25338U 98030A   23282.14724344  .00000391  00000-0  18069-3 0  9997
2 25338  98.5984 309.2184 0009981 347.3312  12.7616 14.26406158321504
1 25338U 98030A   23282.35768168  .00000395  00000-0  18239-3 0  9995
2 25338  98.5984 309.4251 0009970 346.7384  13.3533 14.26406328321538
1 25338U 98030A   23282.56811989  .00000385  00000-0  17810-3 0  9991
2 25338  98.5984 309.6317 0009956 346.1156  13.9750 14.26406476321315
1 25338U 98030A   23282.84870392  .00000420  00000-0  19247-3 0  9991
2 25338  98.5983 309.9073 0009944 345.2586  14.8303 14.26406918321607
1 25338U 98030A   23282.91884996  .00000419  00000-0  19204-3 0  9995
2 25338  98.5983 309.9761 0009939 345.0474  15.0411 14.26406981321365
1 25338U 98030A   23283.12928808  .00000423  00000-0  19386-3 0  9996
2 25338  98.5983 310.1828 0009928 344.4013  15.6861 14.26407196321648
1 25338U 98030A   23283.55016422  .00000421  00000-0  19316-3 0  9994
2 25338  98.5982 310.5961 0009900 343.1427  16.9423 14.26407583321709
1 25338U 98030A   23283.83074824  .00000391  00000-0  18056-3 0  9991
2 25338  98.5982 310.8716 0009895 342.1932  17.8900 14.26407665321748
1 25338U 98030A   23283.90089423  .00000395  00000-0  18243-3 0  9992
2 25338  98.5981 310.9404 0009896 341.9658  18.1170 14.26407741321507
1 25338U 98030A   23284.18147825  .00000405  00000-0  18636-3 0  9992
2 25338  98.5981 311.2159 0009885 341.0918  18.9894 14.26408038321798
1 25338U 98030A   23284.53220814  .00000406  00000-0  18678-3 0  9998
2 25338  98.5980 311.5603 0009867 340.0079  20.0714 14.26408366321846
1 25338U 98030A   23284.60235411  .00000405  00000-0  18624-3 0  9995
2 25338  98.5980 311.6292 0009864 339.7900  20.2888 14.26408420321605
1 25338U 98030A   23284.81279198  .00000409  00000-0  18796-3 0  9992
2 25338  98.5979 311.8358 0009845 339.1830  20.8948 14.26408624321882
1 25338U 98030A   23285.16352179  .00000408  00000-0  18767-3 0  9999
2 25338  98.5979 312.1802 0009830 338.0914  21.9844 14.26408914321930
1 25338U 98030A   23285.58439741  .00000414  00000-0  19007-3 0  9991
2 25338  98.5978 312.5935 0009804 336.8774  23.1964 14.26409338321748
1 25338U 98030A   23285.79483514  .00000424  00000-0  19440-3 0  9993
2 25338  98.5977 312.8002 0009799 336.1875  23.8851 14.26409537322028
1 25338U 98030A   23285.93512694  .00000420  00000-0  19280-3 0  9999
2 25338  98.5977 312.9379 0009793 335.7433  24.3285 14.26409659321790
1 25338U 98030A   23286.14556475  .00000400  00000-0  18425-3 0  9996
2 25338  98.5977 313.1445 0009780 335.0942  24.9766 14.26409722322074
1 25338U 98030A   23286.49629413  .00000438  00000-0  20025-3 0  9997
2 25338  98.5976 313.4889 0009754 334.0693  25.9998 14.26410260322124
1 25338U 98030A   23286.56644002  .00000435  00000-0  19870-3 0  9999
2 25338  98.5976 313.5578 0009753 333.8584  26.2103 14.26410311321886
1 25338U 98030A   23286.77687747  .00000460  00000-0  20925-3 0  9996
2 25338  98.5975 313.7644 0009743 333.1964  26.8712 14.26410696322165
1 25338U 98030A   23286.91716917  .00000457  00000-0  20783-3 0  9992
2 25338  98.5975 313.9022 0009735 332.7534  27.3135 14.26410830321935
1 25338U 98030A   23287.12760685  .00000430  00000-0  19661-3 0  9991
2 25338  98.5974 314.1088 0009724 332.1012  27.9646 14.26410871322212
1 25338U 98030A   23287.40819026  .00000417  00000-0  19141-3 0  9994
2 25338  98.5974 314.3843 0009711 331.2233  28.8410 14.26411069322257
1 25338U 98030A   23287.54848197  .00000405  00000-0  18658-3 0  9999
2 25338  98.5974 314.5220 0009702 330.7972  29.2665 14.26411129322021
1 25338U 98030A   23287.82906528  .00000394  00000-0  18184-3 0  9994
2 25338  98.5973 314.7975 0009695 329.8860  30.1762 14.26411325322314
1 25338U 98030A   23287.89921111  .00000393  00000-0  18130-3 0  9996
2 25338  98.5973 314.8664 0009691 329.6675  30.3944 14.26411386322072
1 25338U 98030A   23288.10964862  .00000385  00000-0  17824-3 0  9991
2 25338  98.5972 315.0730 0009687 328.9911  31.0696 14.26411557322351
1 25338U 98030A   23288.53052357  .00000370  00000-0  17169-3 0  9991
2 25338  98.5972 315.4862 0009663 327.6967  32.3621 14.26411814322417
1 25338U 98030A   23288.60066938  .00000370  00000-0  17179-3 0  9990
2 25338  98.5972 315.5551 0009661 327.4858  32.5727 14.26411865322176
1 25338U 98030A   23288.81110678  .00000358  00000-0  16697-3 0  9994
2 25338  98.5971 315.7617 0009655 326.8325  33.2249 14.26411976322456
1 25338U 98030A   23288.95139838  .00000358  00000-0  16682-3 0  9992
2 25338  98.5971 315.8995 0009649 326.3908  33.6659 14.26412093322226
1 25338U 98030A   23289.37227312  .00000359  00000-0  16717-3 0  9994
2 25338  98.5970 316.3127 0009627 325.0966  34.9582 14.26412451322535
1 25338U 98030A   23289.51256471  .00000340  00000-0  15920-3 0  9993
2 25338  98.5970 316.4504 0009619 324.6545  35.3997 14.26412481322554
1 25338U 98030A   23289.58271049  .00000340  00000-0  15937-3 0  9996
2 25338  98.5970 316.5193 0009616 324.4451  35.6088 14.26412538322311
1 25338U 98030A   23289.72300201  .00000333  00000-0  15664-3 0  9994
2 25338  98.5969 316.6570 0009613 323.9992  36.0540 14.26412630322580
1 25338U 98030A   23289.86329352  .00000340  00000-0  15929-3 0  9999
2 25338  98.5969 316.7948 0009609 323.5449  36.5076 14.26412764322350
1 25338U 98030A   23290.07373077  .00000342  00000-0  16012-3 0  9993
2 25338  98.5969 317.0014 0009602 322.8748  37.1767 14.26412950322637
1 25338U 98030A   23290.49460535  .00000356  00000-0  16596-3 0  9997
2 25338  98.5968 317.4146 0009575 321.5546  38.4951 14.26413302322447
1 25338U 98030A   23290.49460535  .00000356  00000-0  16596-3 0  9997
2 25338  98.5968 317.4146 0009575 321.5546  38.4951 14.26413302322694
1 25338U 98030A   23290.84533406  .00000325  00000-0  15315-3 0  9998
2 25338  98.5968 317.7590 0009558 320.4409  39.6073 14.26413453322748
1 25338U 98030A   23291.12591706  .00000315  00000-0  14880-3 0  9992
2 25338  98.5968 318.0344 0009547 319.5459  40.5011 14.26413600322535
1 25338U 98030A   23291.47664567  .00000326  00000-0  15340-3 0  9990
2 25338  98.5967 318.3788 0009525 318.4483  41.5972 14.26413925322830
1 25338U 98030A   23291.82737412  .00000341  00000-0  15996-3 0  9993
2 25338  98.5966 318.7231 0009513 317.3507  42.6934 14.26414300322881
1 25338U 98030A   23291.89751982  .00000341  00000-0  15985-3 0  9996
2 25338  98.5966 318.7919 0009509 317.1163  42.9275 14.26414349322643
1 25338U 98030A   23292.17810265  .00000333  00000-0  15641-3 0  9998
2 25338  98.5966 319.0674 0009504 316.2186  43.8240 14.26414524322934
1 25338U 98030A   23292.45868537  .00000355  00000-0  16559-3 0  9997
2 25338  98.5966 319.3429 0009483 315.3394  44.7022 14.26414831322975
1 25338U 98030A   23292.52883106  .00000347  00000-0  16206-3 0  9994
2 25338  98.5965 319.4117 0009486 315.1142  44.9270 14.26414854322737
1 25338U 98030A   23292.80941375  .00000349  00000-0  16329-3 0  9996
2 25338  98.5965 319.6872 0009474 314.2185  45.8217 14.26415041323024
1 25338U 98030A   23292.94970509  .00000344  00000-0  16097-3 0  9999
2 25338  98.5965 319.8249 0009467 313.7755  46.2641 14.26415135322796
1 25338U 98030A   23293.16014218  .00000319  00000-0  15054-3 0  9994
2 25338  98.5965 320.0315 0009461 313.1170  46.9218 14.26415113323078
1 25338U 98030A   23293.51087047  .00000311  00000-0  14748-3 0  9994
2 25338  98.5965 320.3759 0009444 311.9925  48.0450 14.26415331322878
1 25338U 98030A   23293.51087047  .00000311  00000-0  14748-3 0  9994
2 25338  98.5965 320.3759 0009444 311.9925  48.0450 14.26415331323127
1 25338U 98030A   23293.79145308  .00000304  00000-0  14438-3 0  9997
2 25338  98.5964 320.6513 0009440 311.0908  48.9457 14.26415458323165
1 25338U 98030A   23293.93174436  .00000311  00000-0  14714-3 0  9992
2 25338  98.5964 320.7890 0009436 310.6299  49.4060 14.26415577322939
1 25338U 98030A   23294.07203564  .00000308  00000-0  14619-3 0  9993
2 25338  98.5964 320.9268 0009431 310.1785  49.8569 14.26415675323208
1 25338U 98030A   23294.49290953  .00000270  00000-0  13012-3 0  9991
2 25338  98.5964 321.3400 0009416 308.8311  51.2029 14.26415760323262
1 25338U 98030A   23294.56305515  .00000271  00000-0  13076-3 0  9991
2 25338  98.5964 321.4088 0009413 308.6157  51.4180 14.26415817323025
1 25338U 98030A   23294.84363763  .00000264  00000-0  12789-3 0  9993
2 25338  98.5963 321.6843 0009400 307.7281  52.3047 14.26415967323319
1 25338U 98030A   23294.91378326  .00000260  00000-0  12625-3 0  9997
2 25338  98.5963 321.7531 0009395 307.4954  52.5372 14.26416006323072
1 25338U 98030A   23295.19436574  .00000260  00000-0  12591-3 0  9990
2 25338  98.5963 322.0286 0009386 306.5892  53.4424 14.26416185323362
1 25338U 98030A   23295.47494816  .00000238  00000-0  11686-3 0  9993
2 25338  98.5963 322.3040 0009378 305.6823  54.3484 14.26416269323402
1 25338U 98030A   23295.61523936  .00000244  00000-0  11934-3 0  9998
2 25338  98.5962 322.4417 0009377 305.2471  54.7831 14.26416374323175
1 25338U 98030A   23295.82567604  .00000277  00000-0  13309-3 0  9995
2 25338  98.5962 322.6484 0009375 304.5562  55.4733 14.26416706323451
1 25338U 98030A   23295.89582163  .00000276  00000-0  13257-3 0  9990
2 25338  98.5962 322.7172 0009374 304.3307  55.6986 14.26416750323215
1 25338U 98030A   23296.10625839  .00000281  00000-0  13465-3 0  9990
2 25338  98.5962 322.9238 0009374 303.6656  56.3630 14.26416914323495
1 25338U 98030A   23296.45698640  .00000254  00000-0  12366-3 0  9997
2 25338  98.5962 323.2681 0009360 302.5294  57.4981 14.26416958323547
1 25338U 98030A   23296.80771423  .00000266  00000-0  12864-3 0  9993
2 25338  98.5961 323.6124 0009362 301.3965  58.6299 14.26417226323595
1 25338U 98030A   23296.94800537  .00000268  00000-0  12941-3 0  9995
2 25338  98.5961 323.7501 0009362 300.9507  59.0753 14.26417323323365
1 25338U 98030A   23297.15844213  .00000251  00000-0  12219-3 0  9998
2 25338  98.5961 323.9567 0009357 300.2730  59.7523 14.26417358323645
1 25338U 98030A   23297.50916992  .00000242  00000-0  11863-3 0  9995
2 25338  98.5960 324.3010 0009345 299.1288  60.8956 14.26417534323440
1 25338U 98030A   23297.50916992  .00000242  00000-0  11863-3 0  9995
2 25338  98.5960 324.3010 0009345 299.1288  60.8956 14.26417534323697
1 25338U 98030A   23298.56135300  .00000234  00000-0  11551-3 0  9993
2 25338  98.5958 325.3338 0009329 295.6860  64.3357 14.26418133323844
1 25338U 98030A   23298.91208061  .00000230  00000-0  11376-3 0  9998
2 25338  98.5958 325.6782 0009327 294.5308  65.4900 14.26418330323646
1 25338U 98030A   23299.12251716  .00000231  00000-0  11388-3 0  9991
2 25338  98.5957 325.8847 0009322 293.8372  66.1831 14.26418479323923
1 25338U 98030A   23299.54339020  .00000236  00000-0  11630-3 0  9997
2 25338  98.5957 326.2978 0009302 292.4579  67.5616 14.26418757323986
1 25338U 98030A   23299.61353569  .00000239  00000-0  11723-3 0  9995
2 25338  98.5956 326.3667 0009303 292.2397  67.7796 14.26418806323748
1 25338U 98030A   23299.82397211  .00000255  00000-0  12412-3 0  9994
2 25338  98.5956 326.5733 0009299 291.5304  68.4885 14.26419024323771
1 25338U 98030A   23300.17469955  .00000270  00000-0  13026-3 0  9999
2 25338  98.5955 326.9175 0009288 290.4137  69.6046 14.26419362324075
1 25338U 98030A   23300.52542697  .00000261  00000-0  12659-3 0  9994
2 25338  98.5955 327.2619 0009276 289.2529  70.7648 14.26419504323876
1 25338U 98030A   23300.52542697  .00000261  00000-0  12659-3 0  9994
2 25338  98.5955 327.2619 0009276 289.2529  70.7648 14.26419504324125
1 25338U 98030A   23300.80600885  .00000269  00000-0  12980-3 0  9994
2 25338  98.5954 327.5373 0009268 288.3256  71.6916 14.26419690324160
1 25338U 98030A   23300.94629979  .00000264  00000-0  12792-3 0  9990
2 25338  98.5954 327.6750 0009267 287.8664  72.1506 14.26419769323938
1 25338U 98030A   23301.01644526  .00000264  00000-0  12795-3 0  9997
2 25338  98.5954 327.7438 0009266 287.6653  72.3515 14.26419812324197
1 25338U 98030A   23301.50746347  .00000288  00000-0  13770-3 0  9995
2 25338  98.5953 328.2258 0009257 286.0532  73.9629 14.26420218324264
1 25338U 98030A   23301.57760891  .00000291  00000-0  13917-3 0  9999
2 25338  98.5953 328.2947 0009256 285.8488  74.1671 14.26420277324024
1 25338U 98030A   23301.78804522  .00000282  00000-0  13535-3 0  9998
2 25338  98.5953 328.5013 0009253 285.1554  74.8603 14.26420373324305
1 25338U 98030A   23301.92833602  .00000295  00000-0  14054-3 0  9996
2 25338  98.5952 328.6390 0009251 284.6880  75.3275 14.26420559324078
1 25338U 98030A   23302.13877228  .00000320  00000-0  15119-3 0  9994
2 25338  98.5952 328.8455 0009253 283.9985  76.0166 14.26420849324352
1 25338U 98030A   23302.48949941  .00000293  00000-0  13986-3 0  9993
2 25338  98.5951 329.1898 0009243 282.8302  77.1845 14.26420962324404
1 25338U 98030A   23302.55964480  .00000295  00000-0  14049-3 0  9999
2 25338  98.5951 329.2586 0009244 282.6079  77.4068 14.26421023324161
1 25338U 98030A   23302.84022637  .00000314  00000-0  14855-3 0  9997
2 25338  98.5951 329.5340 0009246 281.7187  78.2956 14.26421281324457
1 25338U 98030A   23302.91037177  .00000313  00000-0  14806-3 0  9995
2 25338  98.5950 329.6029 0009246 281.4821  78.5321 14.26421328324218
1 25338U 98030A   23303.12080795  .00000313  00000-0  14830-3 0  9990
2 25338  98.5950 329.8094 0009245 280.7962  79.2177 14.26421490324496
1 25338U 98030A   23303.54168034  .00000291  00000-0  13892-3 0  9991
2 25338  98.5949 330.2225 0009244 279.4089  80.6046 14.26421649324554
1 25338U 98030A   23303.82226174  .00000307  00000-0  14554-3 0  9996
2 25338  98.5948 330.4979 0009254 278.5232  81.4899 14.26421928324591
1 25338U 98030A   23303.89240710  .00000308  00000-0  14608-3 0  9996
2 25338  98.5948 330.5668 0009254 278.2905  81.7226 14.26421984324354
1 25338U 98030A   23304.17298867  .00000279  00000-0  13391-3 0  9999
2 25338  98.5948 330.8422 0009254 277.3970  82.6158 14.26422007324640
1 25338U 98030A   23304.52371545  .00000290  00000-0  13849-3 0  9994
2 25338  98.5947 331.1864 0009254 276.2579  83.7547 14.26422289324697
1 25338U 98030A   23304.59386080  .00000287  00000-0  13721-3 0  9996
2 25338  98.5947 331.2552 0009255 276.0402  83.9724 14.26422329324454
1 25338U 98030A   23304.80429681  .00000285  00000-0  13659-3 0  9993
2 25338  98.5947 331.4618 0009261 275.3590  84.6533 14.26422453324731
1 25338U 98030A   23304.94458750  .00000281  00000-0  13482-3 0  9997
2 25338  98.5946 331.5995 0009264 274.9143  85.0979 14.26422543324505
1 25338U 98030A   23305.15502356  .00000278  00000-0  13346-3 0  9998
2 25338  98.5946 331.8061 0009262 274.2308  85.7814 14.26422660324781
1 25338U 98030A   23305.50575018  .00000260  00000-0  12597-3 0  9990
2 25338  98.5946 332.1503 0009257 273.0554  86.9567 14.26422814324835
1 25338U 98030A   23305.57589552  .00000249  00000-0  12155-3 0  9992
2 25338  98.5945 332.2192 0009257 272.8232  87.1889 14.26422830324590
1 25338U 98030A   23305.85647675  .00000254  00000-0  12352-3 0  9999
2 25338  98.5945 332.4945 0009254 271.8947  88.1174 14.26423039324889
1 25338U 98030A   23305.92662206  .00000253  00000-0  12323-3 0  9991
2 25338  98.5945 332.5634 0009254 271.6588  88.3532 14.26423088324642
1 25338U 98030A   23306.13705799  .00000261  00000-0  12650-3 0  9992
2 25338  98.5945 332.7699 0009253 270.9690  89.0430 14.26423291324922
1 25338U 98030A   23306.48778449  .00000253  00000-0  12333-3 0  9991
2 25338  98.5944 333.1142 0009254 269.8152  90.1968 14.26423492324977
1 25338U 98030A   23306.55792979  .00000246  00000-0  12010-3 0  9997
2 25338  98.5944 333.1830 0009252 269.5758  90.4362 14.26423521324736
1 25338U 98030A   23306.83851095  .00000237  00000-0  11633-3 0  9993
2 25338  98.5944 333.4584 0009258 268.6609  91.3511 14.26423654325022
1 25338U 98030A   23306.90865624  .00000236  00000-0  11623-3 0  9992
2 25338  98.5944 333.5273 0009260 268.4396  91.5724 14.26423702324786
1 25338U 98030A   23307.11909210  .00000253  00000-0  12314-3 0  9993
2 25338  98.5943 333.7338 0009259 267.7459  92.2661 14.26423929325060
1 25338U 98030A   23307.53996371  .00000261  00000-0  12669-3 0  9995
2 25338  98.5943 334.1469 0009260 266.3646  93.6475 14.26424288325129
1 25338U 98030A   23307.82054479  .00000260  00000-0  12609-3 0  9994
2 25338  98.5943 334.4223 0009266 265.4840  94.5282 14.26424421325161
1 25338U 98030A   23307.96083531  .00000259  00000-0  12552-3 0  9995
2 25338  98.5943 334.5600 0009269 265.0384  94.9738 14.26424511324937
1 25338U 98030A   23308.17127107  .00000283  00000-0  13545-3 0  9997
2 25338  98.5943 334.7665 0009270 264.3457  95.6667 14.26424769325211
1 25338U 98030A   23308.52199725  .00000304  00000-0  14428-3 0  9996
2 25338  98.5943 335.1107 0009269 263.1974  96.8151 14.26425095325265
1 25338U 98030A   23308.59214248  .00000306  00000-0  14529-3 0  9995
2 25338  98.5943 335.1795 0009270 262.9864  97.0262 14.26425146325022
1 25338U 98030A   23308.80257805  .00000329  00000-0  15475-3 0  9991
2 25338  98.5943 335.3861 0009277 262.3068  97.7059 14.26425431325304
1 25338U 98030A   23308.94286849  .00000329  00000-0  15462-3 0  9992
2 25338  98.5943 335.5238 0009278 261.8477  98.1651 14.26425537325077
1 25338U 98030A   23309.15330408  .00000384  00000-0  17761-3 0  9992
2 25338  98.5943 335.7303 0009278 261.1533  98.8597 14.26425987325354
1 25338U 98030A   23309.50403005  .00000387  00000-0  17884-3 0  9994
2 25338  98.5942 336.0746 0009275 259.9983 100.0150 14.26426273325405
1 25338U 98030A   23309.57417533  .00000369  00000-0  17139-3 0  9995
2 25338  98.5942 336.1434 0009278 259.7668 100.2467 14.26426192325167
1 25338U 98030A   23309.78461091  .00000356  00000-0  16603-3 0  9997
2 25338  98.5942 336.3500 0009278 259.0527 100.9609 14.26426287325441
1 25338U 98030A   23309.92490040  .00000553  00000-0  24784-3 0  9997
2 25338  98.5942 336.4877 0009282 258.6220 101.3918 14.26427704325217