1 37849U 11061A   23208.12520826  .00000100  00000-0  68098-4 0  9997
2 37849  98.7048 146.1657 0001436 101.9017 269.9552 14.19549930608605
1 37849U 11061A   23208.43182576  .00000095  00000-0  65485-4 0  9997
2 37849  98.7048 146.4671 0001443 101.7464  36.1597 14.19550002608645
1 37849U 11061A   23208.57962970  .00000094  00000-0  65141-4 0  9994
2 37849  98.7048 146.6125 0001441 101.3570  71.4579 14.19550025608673
1 37849U 11061A   23208.76302479  .00000095  00000-0  65734-4 0  9996
2 37849  98.7048 146.7928 0001444 101.2751 288.2306 14.19550104608694
1 37849U 11061A   23208.84244700  .00000091  00000-0  63577-4 0  9996
2 37849  98.7048 146.8708 0001444 101.1924 333.9624 14.19550123608717
1 37849U 11061A   23209.05104007  .00000082  00000-0  59694-4 0  9990
2 37849  98.7048 147.0759 0001450 100.9419 319.6024 14.19550155608731
1 37849U 11061A   23209.41189156  .00000077  00000-0  57161-4 0  9999
2 37849  98.7048 147.4307 0001451 100.5591   3.0347 14.19550217608788
1 37849U 11061A   23209.56653457  .00000079  00000-0  58257-4 0  9994
2 37849  98.7048 147.5827 0001460 100.4334  73.0000 14.19550260608815
1 37849U 11061A   23209.81936056  .00000081  00000-0  59047-4 0  9992
2 37849  98.7048 147.8313 0001460 100.1478 284.5950 14.19550354608844
1 37849U 11061A   23210.09865307  .00000084  00000-0  60523-4 0  9998
2 37849  98.7048 148.1058 0001472  99.9804 271.2497 14.19550430608883
1 37849U 11061A   23210.47034795  .00000095  00000-0  65568-4 0  9995
2 37849  98.7048 148.4712 0001479  99.7069   9.9563 14.19550595608939
1 37849U 11061A   23210.81169874  .00000100  00000-0  68088-4 0  9997
2 37849  98.7048 148.8069 0001485  99.6670 313.4465 14.19550715608985
1 37849U 11061A   23211.03798674  .00000108  00000-0  71966-4 0  9995
2 37849  98.7048 149.0293 0001491  99.4952  29.3853 14.19550815609015
1 37849U 11061A   23211.45686949  .00000099  00000-0  67559-4 0  9994
2 37849  98.7048 149.4411 0001493  99.0197   9.3061 14.19550877609073
1 37849U 11061A   23211.79381988  .00000110  00000-0  72838-4 0  9996
2 37849  98.7048 149.7724 0001499  98.9597 290.3421 14.19551038609129
1 37849U 11061A   23212.07235190  .00000116  00000-0  75625-4 0  9994
2 37849  98.7048 150.0462 0001505  98.8775 273.0284 14.19551163609166
1 37849U 11061A   23212.44359263  .00000111  00000-0  73452-4 0  9994
2 37849  98.7048 150.4112 0001504  98.5202   9.4998 14.19551274609215
1 37849U 11061A   23212.78660941  .00000111  00000-0  73469-4 0  9997
2 37849  98.7048 150.7484 0001504  98.3877 321.5926 14.19551400609261
1 37849U 11061A   23213.08183536  .00000107  00000-0  71187-4 0  9991
2 37849  98.7048 151.0387 0001509  98.1761  29.6727 14.19551470609309
1 37849U 11061A   23213.83620818  .00000093  00000-0  64547-4 0  9999
2 37849  98.7048 151.7803 0001507  97.6248 283.1882 14.19551650609412
1 37849U 11061A   23214.11616613  .00000092  00000-0  64192-4 0  9994
2 37849  98.7048 152.0555 0001516  97.5998 273.1006 14.19551729609459
1 37849U 11061A   23214.42429437  .00000090  00000-0  63501-4 0  9995
2 37849  98.7048 152.3585 0001516  97.3197  47.1479 14.19551800609491
1 37849U 11061A   23214.69022840  .00000096  00000-0  66228-4 0  9996
2 37849  98.7048 152.6199 0001522  97.0414 325.6864 14.19551900609539
1 37849U 11061A   23215.05591019  .00000108  00000-0  71772-4 0  9990
2 37849  98.7048 152.9794 0001528  96.7541  33.6966 14.19552078609587
1 37849U 11061A   23215.47497331  .00000130  00000-0  82431-4 0  9997
2 37849  98.7048 153.3914 0001537  96.3819  14.4371 14.19552270609648
1 37849U 11061A   23215.81614137  .00000146  00000-0  89885-4 0  9997
2 37849  98.7048 153.7268 0001545  96.2352 317.1031 14.19552444609698
1 37849U 11061A   23216.04238671  .00000149  00000-0  91453-4 0  9995
2 37849  98.7048 153.9492 0001549  95.8311  33.0574 14.19552516609723
1 37849U 11061A   23216.46143317  .00000134  00000-0  84322-4 0  9994
2 37849  98.7048 154.3612 0001552  95.4984  13.6740 14.19552557609788
1 37849U 11061A   23216.80283625  .00000137  00000-0  85729-4 0  9994
2 37849  98.7048 154.6968 0001556  95.2738 317.6185 14.19552697609835
1 37849U 11061A   23217.09820931  .00000139  00000-0  86546-4 0  9993
2 37849  98.7048 154.9872 0001563  95.2189  26.2948 14.19552809609879
1 37849U 11061A   23217.44869317  .00000150  00000-0  91648-4 0  9995
2 37849  98.7048 155.3318 0001560  94.7447  16.8697 14.19553002609925
1 37849U 11061A   23217.78943347  .00000151  00000-0  92149-4 0  9996
2 37849  98.7048 155.6668 0001564  94.6535 317.2960 14.19553139609974
1 37849U 11061A   23218.15409780  .00000128  00000-0  81307-4 0  9994
2 37849  98.7048 156.0253 0001571  94.4859  19.9911 14.19553144610020
1 37849U 11061A   23218.43447113  .00000116  00000-0  75700-4 0  9994
2 37849  98.7048 156.3009 0001570  94.1880  12.2994 14.19553208610064
1 37849U 11061A   23218.84893103  .00000116  00000-0  75848-4 0  9996
2 37849  98.7048 156.7084 0001568  94.0543 329.2927 14.19553365610121
1 37849U 11061A   23219.12064131  .00000114  00000-0  74800-4 0  9994
2 37849  98.7048 156.9755 0001570  93.8058 277.3052 14.19553447610166
1 37849U 11061A   23219.42747420  .00000117  00000-0  75967-4 0  9994
2 37849  98.7048 157.2772 0001573  93.5324  44.7319 14.19553575610204
1 37849U 11061A   23219.82778809  .00000117  00000-0  76024-4 0  9998
2 37849  98.7048 157.6708 0001580  93.2462 289.6272 14.19553733610265
1 37849U 11061A   23220.10732311  .00000125  00000-0  79709-4 0  9991
2 37849  98.7049 157.9456 0001580  92.8713 277.7315 14.19553862610307
1 37849U 11061A   23220.41600885  .00000145  00000-0  89594-4 0  9990
2 37849  98.7049 158.2490 0001586  92.6212  54.5990 14.19554097610342
1 37849U 11061A   23220.74607450  .00000139  00000-0  86464-4 0  9997
2 37849  98.7049 158.5735 0001594  92.4341 300.6015 14.19554145610399
1 37849U 11061A   23221.09407439  .00000138  00000-0  86320-4 0  9991
2 37849  98.7049 158.9157 0001607  92.2647 278.1860 14.19554261610445
1 37849U 11061A   23221.40346694  .00000131  00000-0  82773-4 0  9992
2 37849  98.7049 159.2198 0001606  92.0032  58.6748 14.19554307610480
1 37849U 11061A   23221.73405861  .00000120  00000-0  77446-4 0  9999
2 37849  98.7049 159.5449 0001614  91.8563 307.3242 14.19554353610537
1 37849U 11061A   23222.09262484  .00000120  00000-0  77496-4 0  9996
2 37849  98.7049 159.8974 0001616  91.5287 339.0352 14.19554478610582
1 37849U 11061A   23222.38195826  .00000108  00000-0  71931-4 0  9997
2 37849  98.7049 160.1818 0001614  91.2181  17.1213 14.19554528610623
1 37849U 11061A   23222.78940557  .00000099  00000-0  67690-4 0  9996
2 37849  98.7049 160.5824 0001613  91.0003 298.3835 14.19554605610689
1 37849U 11061A   23223.08949222  .00000102  00000-0  68850-4 0  9992
2 37849  98.7049 160.8774 0001615  90.7407  31.3415 14.19554722610726
1 37849U 11061A   23223.50120831  .00000098  00000-0  67286-4 0  9992
2 37849  98.7049 161.2822 0001611  90.3543 334.5755 14.19554838610787
1 37849U 11061A   23223.78245595  .00000094  00000-0  65238-4 0  9998
2 37849  98.7049 161.5587 0001608  90.1174 331.2901 14.19554930610827
1 37849U 11061A   23224.12505169  .00000093  00000-0  64815-4 0  9992
2 37849  98.7050 161.8955 0001609  89.9515 281.2705 14.19555036610876
1 37849U 11061A   23224.42628737  .00000081  00000-0  59239-4 0  9993
2 37849  98.7050 162.1917 0001607  89.7235  20.0657 14.19555105610910
1 37849U 11061A   23224.84607589  .00000093  00000-0  64687-4 0  9997
2 37849  98.7050 162.6044 0001609  89.3668   4.5007 14.19555280610970
1 37849U 11061A   23225.11155398  .00000091  00000-0  63992-4 0  9990
2 37849  98.7050 162.8654 0001618  89.1674 280.6349 14.19555344611017
1 37849U 11061A   23225.48637885  .00000085  00000-0  60774-4 0  9994
2 37849  98.7051 163.2339 0001619  88.8571  35.3708 14.19555415611064
1 37849U 11061A   23225.75511639  .00000089  00000-0  62678-4 0  9991
2 37849  98.7051 163.4981 0001619  88.5875 328.2231 14.19555506611104
1 37849U 11061A   23226.09847315  .00000094  00000-0  65212-4 0  9995
2 37849  98.7051 163.8357 0001628  88.3433 282.1692 14.19555615611158
1 37849U 11061A   23226.47051282  .00000100  00000-0  68291-4 0  9995
2 37849  98.7051 164.2014 0001625  87.8545  22.8585 14.19555725611206
1 37849U 11061A   23226.74775855  .00000105  00000-0  70349-4 0  9996
2 37849  98.7051 164.4740 0001629  87.6797 359.0720 14.19555810611240
1 37849U 11061A   23227.08528125  .00000110  00000-0  72999-4 0  9999
2 37849  98.7051 164.8058 0001635  87.4577 283.1987 14.19555925611291
1 37849U 11061A   23227.45676571  .00000115  00000-0  75082-4 0  9990
2 37849  98.7051 165.1710 0001627  87.0255  20.9960 14.19556036611348
1 37849U 11061A   23227.73493301  .00000108  00000-0  72030-4 0  9991
2 37849  98.7051 165.4445 0001631  86.8749   1.8925 14.19556085611383
1 37849U 11061A   23228.07202531  .00000115  00000-0  75238-4 0  9993
2 37849  98.7052 165.7759 0001633  86.6768 283.7976 14.19556221611431
1 37849U 11061A   23228.44403257  .00000113  00000-0  74203-4 0  9991
2 37849  98.7052 166.1416 0001629  86.2952  24.2151 14.19556312611481
1 37849U 11061A   23228.79086546  .00000122  00000-0  78427-4 0  9999
2 37849  98.7052 166.4826 0001625  86.0973 355.8707 14.19556488611536
1 37849U 11061A   23229.05886133  .00000117  00000-0  76204-4 0  9994
2 37849  98.7052 166.7461 0001632  86.0527 284.7109 14.19556553611570
1 37849U 11061A   23229.43031708  .00000115  00000-0  75104-4 0  9992
2 37849  98.7052 167.1113 0001626  85.6319  22.3511 14.19556652611625
1 37849U 11061A   23229.84681494  .00000109  00000-0  72380-4 0  9996
2 37849  98.7052 167.5208 0001624  85.3299 349.9265 14.19556775611682
1 37849U 11061A   23230.11613403  .00000111  00000-0  73271-4 0  9996
2 37849  98.7053 167.7855 0001625  85.1764 285.6342 14.19556866611727
1 37849U 11061A   23230.41699512  .00000104  00000-0  70201-4 0  9996
2 37849  98.7053 168.0814 0001623  84.9178  22.5485 14.19556920611761
1 37849U 11061A   23230.83385450  .00000096  00000-0  66328-4 0  9990
2 37849  98.7053 168.4912 0001624  84.5052 352.0814 14.19557016611823
1 37849U 11061A   23231.10287583  .00000100  00000-0  68001-4 0  9995
2 37849  98.7053 168.7557 0001627  84.2452 286.3750 14.19557098611867
1 37849U 11061A   23231.40375597  .00000118  00000-0  76624-4 0  9990
2 37849  98.7053 169.0515 0001628  83.9813  23.3924 14.19557264611905
1 37849U 11061A   23231.81068991  .00000124  00000-0  79373-4 0  9993
2 37849  98.7053 169.4516 0001631  83.7248 302.0751 14.19557392611967
1 37849U 11061A   23232.11223381  .00000125  00000-0  79713-4 0  9992
2 37849  98.7054 169.7480 0001635  83.4626  42.4811 14.19557478612005
1 37849U 11061A   23232.46118891  .00000127  00000-0  81039-4 0  9995
2 37849  98.7054 170.0911 0001631  83.1011  25.1407 14.19557592612051
1 37849U 11061A   23232.80279729  .00000122  00000-0  78691-4 0  9996
2 37849  98.7054 170.4270 0001627  82.8711 330.1454 14.19557680612106
1 37849U 11061A   23233.16693075  .00000128  00000-0  81414-4 0  9993
2 37849  98.7054 170.7850 0001633  82.7069  30.1318 14.19557820612152
1 37849U 11061A   23233.50912979  .00000123  00000-0  78792-4 0  9998
2 37849  98.7054 171.1214 0001623  82.2977 338.3329 14.19557898612209
1 37849U 11061A   23233.86250990  .00000122  00000-0  78613-4 0  9996
2 37849  98.7054 171.4689 0001614  81.9766 343.5536 14.19558044612257
1 37849U 11061A   23234.22244352  .00000118  00000-0  76825-4 0  9990
2 37849  98.7055 171.8228 0001619  81.7150  22.1871 14.19558152612309
1 37849U 11061A   23234.50967155  .00000117  00000-0  76282-4 0  9990
2 37849  98.7055 172.1052 0001609  81.4116  49.5166 14.19558243612341
1 37849U 11061A   23234.71353802  .00000123  00000-0  78793-4 0  9997
2 37849  98.7055 172.3056 0001604  81.2143  10.9684 14.19558337612374
1 37849U 11061A   23235.05952086  .00000109  00000-0  72451-4 0  9993
2 37849  98.7055 172.6458 0001607  80.9383 338.3625 14.19558394612429
1 37849U 11061A   23235.49662101  .00000103  00000-0  69260-4 0  9995
2 37849  98.7056 173.0756 0001603  80.4646  51.3390 14.19558496612489
1 37849U 11061A   23236.81502384  .00000120  00000-0  77357-4 0  9993
2 37849  98.7057 174.3718 0001604  79.5130 306.0766 14.19558997612674
1 37849U 11061A   23236.89453740  .00000119  00000-0  76938-4 0  9994
2 37849  98.7057 174.4500 0001607  79.4404 352.2673 14.19559020612690
1 37849U 11061A   23237.03176098  .00000122  00000-0  78291-4 0  9997
2 37849  98.7057 174.5849 0001612  79.4839 333.0980 14.19559062612701
1 37849U 11061A   23237.46593907  .00000113  00000-0  74222-4 0  9996
2 37849  98.7058 175.0118 0001609  78.9575  31.2036 14.19559139612764
1 37849U 11061A   23237.59553729  .00000112  00000-0  73982-4 0  9999
2 37849  98.7058 175.1392 0001615  78.9489 333.1393 14.19559155612791
1 37849U 11061A   23237.80223976  .00000115  00000-0  75334-4 0  9997
2 37849  98.7058 175.3425 0001615  78.8303 308.9979 14.19559243612815
1 37849U 11061A   23237.88222385  .00000118  00000-0  76367-4 0  9998
2 37849  98.7058 175.4211 0001614  78.7876 357.5623 14.19559285612836
1 37849U 11061A   23238.02026953  .00000119  00000-0  76977-4 0  9996
2 37849  98.7058 175.5568 0001616  78.7405 342.6825 14.19559327612849
1 37849U 11061A   23238.45230524  .00000108  00000-0  71684-4 0  9992
2 37849  98.7058 175.9816 0001614  78.3542  29.7062 14.19559413612904
1 37849U 11061A   23238.58230898  .00000116  00000-0  75780-4 0  9990
2 37849  98.7058 176.1094 0001607  78.2236 333.8357 14.19559483612932
1 37849U 11061A   23238.78751229  .00000112  00000-0  73986-4 0  9990
2 37849  98.7058 176.3112 0001603  78.0937 302.0489 14.19559554612952
1 37849U 11061A   23238.86889823  .00000116  00000-0  75458-4 0  9991
2 37849  98.7059 176.3912 0001601  78.1771 357.6473 14.19559594612971
1 37849U 11061A   23239.07756549  .00000120  00000-0  77760-4 0  9996
2 37849  98.7059 176.5964 0001604  78.1991 343.4010 14.19559679612993
1 37849U 11061A   23239.43906012  .00000116  00000-0  75816-4 0  9993
2 37849  98.7059 176.9518 0001588  77.6221  30.3248 14.19559776613054
1 37849U 11061A   23239.43906012  .00000116  00000-0  75816-4 0  9993
2 37849  98.7059 176.9518 0001588  77.6221  30.3248 14.19559776613043
1 37849U 11061A   23239.77621598  .00000103  00000-0  69501-4 0  9993
2 37849  98.7059 177.2833 0001584  77.3132 312.6696 14.19559824613093
1 37849U 11061A   23239.91947660  .00000090  00000-0  63372-4 0  9995
2 37849  98.7059 177.4242 0001581  77.1821 324.5095 14.19559821613125
1 37849U 11061A   23240.12478051  .00000089  00000-0  62761-4 0  9992
2 37849  98.7060 177.6261 0001582  76.9699 293.3190 14.19559873613149
1 37849U 11061A   23240.43170623  .00000084  00000-0  60430-4 0  9996
2 37849  98.7060 177.9279 0001575  76.6005  61.3229 14.19559947613183
1 37849U 11061A   23240.76289774  .00000077  00000-0  57170-4 0  9999
2 37849  98.7060 178.2535 0001575  76.3971 313.0995 14.19560024613232
1 37849U 11061A   23240.83940902  .00000079  00000-0  58026-4 0  9997
2 37849  98.7060 178.3288 0001575  76.3186 343.9622 14.19560064613251
1 37849U 11061A   23241.20076111  .00000079  00000-0  58129-4 0  9995
2 37849  98.7061 178.6841 0001577  75.8492  30.0509 14.19560144613297
1 37849U 11061A   23241.41244588  .00000079  00000-0  57902-4 0  9991
2 37849  98.7061 178.8923 0001573  75.6750  31.4131 14.19560207613321
1 37849U 11061A   23241.75523021  .00000084  00000-0  60441-4 0  9998
2 37849  98.7060 179.2293 0001577  75.6030 342.2691 14.19560309613372
1 37849U 11061A   23241.82555448  .00000093  00000-0  64674-4 0  9996
2 37849  98.7060 179.2985 0001576  75.7073 341.3490 14.19560369613392
1 37849U 11061A   23242.11908932  .00000102  00000-0  68833-4 0  9991
2 37849  98.7061 179.5871 0001575  75.3566  40.9402 14.19560469613422
1 37849U 11061A   23242.39910045  .00000102  00000-0  69123-4 0  9992
2 37849  98.7061 179.8624 0001566  74.9037  31.5609 14.19560548613466
1 37849U 11061A   23242.74765611  .00000099  00000-0  67462-4 0  9997
2 37849  98.7061 180.2052 0001571  74.6918  12.0342 14.19560604613515
1 37849U 11061A   23242.88654806  .00000094  00000-0  65382-4 0  9999
2 37849  98.7061 180.3417 0001568  74.5744   1.5478 14.19560637613545
1 37849U 11061A   23243.17544243  .00000094  00000-0  65266-4 0  9996
2 37849  98.7061 180.6258 0001573  74.3939  37.2677 14.19560703613575
1 37849U 11061A   23243.46226257  .00000105  00000-0  70382-4 0  9998
2 37849  98.7061 180.9078 0001561  73.8923  62.7147 14.19560817613618
1 37849U 11061A   23243.73483861  .00000119  00000-0  77102-4 0  9996
2 37849  98.7061 181.1759 0001560  73.7488  15.0516 14.19560960613655
1 37849U 11061A   23243.87318003  .00000120  00000-0  77434-4 0  9996
2 37849  98.7061 181.3119 0001560  73.6755   1.7094 14.19561007613682
1 37849U 11061A   23244.09528243  .00000112  00000-0  73913-4 0  9999
2 37849  98.7062 181.5303 0001561  73.6012  56.1807 14.19561029613700
1 37849U 11061A   23244.51739403  .00000123  00000-0  79023-4 0  9998
2 37849  98.7062 181.9453 0001552  73.1570  52.5773 14.19561217613761
1 37849U 11061A   23244.59879899  .00000123  00000-0  79037-4 0  9995
2 37849  98.7062 182.0254 0001545  72.9462 108.5674 14.19561232613782
1 37849U 11061A   23244.78056740  .00000118  00000-0  76644-4 0  9993
2 37849  98.7062 182.2041 0001543  72.8028 317.1005 14.19561287613802
1 37849U 11061A   23244.85969927  .00000118  00000-0  76382-4 0  9990
2 37849  98.7062 182.2820 0001543  72.7632   1.3095 14.19561317613824
1 37849U 11061A   23245.08167337  .00000112  00000-0  73987-4 0  9993
2 37849  98.7062 182.5002 0001540  72.6300  55.1848 14.19561362613842
1 37849U 11061A   23245.42876451  .00000118  00000-0  76421-4 0  9997
2 37849  98.7063 182.8415 0001535  72.4355  28.1619 14.19561495613894
1 37849U 11061A   23245.56063998  .00000119  00000-0  76919-4 0  9999
2 37849  98.7063 182.9712 0001530  72.2838 341.8733 14.19561532613922
1 37849U 11061A   23245.76519948  .00000118  00000-0  76811-4 0  9992
2 37849  98.7063 183.1724 0001530  72.0824 306.8711 14.19561608613944
1 37849U 11061A   23245.91031353  .00000163  00000-0  97805-4 0  9994
2 37849  98.7063 183.3151 0001527  71.9483 328.1829 14.19561979613976
1 37849U 11061A   23246.11593161  .00000115  00000-0  75160-4 0  9994
2 37849  98.7063 183.5173 0001527  71.8200 298.5133 14.19561722613994
1 37849U 11061A   23246.41027350  .00000125  00000-0  80073-4 0  9999
2 37849  98.7064 183.8067 0001525  71.6075   2.0898 14.19561892614036
1 37849U 11061A   23246.55813301  .00000121  00000-0  77801-4 0  9994
2 37849  98.7064 183.9521 0001523  71.4248  37.4713 14.19561879614066
1 37849U 11061A   23246.76473938  .00000123  00000-0  78956-4 0  9999
2 37849  98.7064 184.1552 0001521  71.2681  12.8790 14.19561955614089
1 37849U 11061A   23247.05575574  .00000121  00000-0  77857-4 0  9998
2 37849  98.7064 184.4414 0001519  71.1384  59.3877 14.19562013614128
1 37849U 11061A   23247.41149583  .00000131  00000-0  82992-4 0  9992
2 37849  98.7065 184.7912 0001517  70.8199  76.6644 14.19562158614172
1 37849U 11061A   23247.54511442  .00000121  00000-0  77857-4 0  9996
2 37849  98.7065 184.9225 0001519  70.7958  39.1513 14.19562119614205
1 37849U 11061A   23247.82086838  .00000116  00000-0  75620-4 0  9993
2 37849  98.7065 185.1937 0001513  70.6195   7.7533 14.19562191614230
1 37849U 11061A   23248.09120397  .00000126  00000-0  80378-4 0  9999
2 37849  98.7066 185.4595 0001509  70.5442 308.5801 14.19562307614276
1 37849U 11061A   23248.46651185  .00000118  00000-0  76829-4 0  9991
2 37849  98.7066 185.8286 0001503  70.2404  65.7860 14.19562377614326
1 37849U 11061A   23248.53205667  .00000118  00000-0  76754-4 0  9996
2 37849  98.7066 185.8930 0001504  70.3216  40.4780 14.19562390614343
1 37849U 11061A   23248.80797442  .00000129  00000-0  81971-4 0  9992
2 37849  98.7066 186.1643 0001498  70.1981   9.8644 14.19562543614378
1 37849U 11061A   23249.09802434  .00000129  00000-0  81613-4 0  9995
2 37849  98.7067 186.4495 0001495  70.0960  51.4101 14.19562625614417
1 37849U 11061A   23249.44182483  .00000146  00000-0  89826-4 0  9992
2 37849  98.7067 186.7876 0001485  69.6755   7.8078 14.19562825614463
1 37849U 11061A   23249.52090046  .00000134  00000-0  84078-4 0  9995
2 37849  98.7067 186.8654 0001489  69.7243  51.6412 14.19562776614481
1 37849U 11061A   23249.78488854  .00000123  00000-0  79057-4 0  9990
2 37849  98.7067 187.1249 0001480  69.5008 320.1964 14.19562844614519
1 37849U 11061A   23249.86077060  .00000133  00000-0  83666-4 0  9994
2 37849  98.7067 187.1996 0001478  69.4321 347.8366 14.19562936614538
1 37849U 11061A   23250.08599723  .00000121  00000-0  77789-4 0  9991
2 37849  98.7068 187.4210 0001479  69.3749  58.2496 14.19562956614556
1 37849U 11061A   23250.42829878  .00000114  00000-0  74816-4 0  9996
2 37849  98.7068 187.7576 0001469  69.0716   6.8745 14.19563049614600
1 37849U 11061A   23250.57506716  .00000113  00000-0  74304-4 0  9996
2 37849  98.7068 187.9019 0001462  68.8239  36.7488 14.19563059614634
1 37849U 11061A   23250.77171508  .00000109  00000-0  72357-4 0  9996
2 37849  98.7068 188.0953 0001455  68.6787 321.2828 14.19563126614658
1 37849U 11061A   23250.85101959  .00000116  00000-0  75632-4 0  9995
2 37849  98.7068 188.1733 0001456  68.6709   6.3424 14.19563202614670
1 37849U 11061A   23251.12016865  .00000114  00000-0  74567-4 0  9991
2 37849  98.7069 188.4380 0001451  68.5088 301.1965 14.19563284614706
1 37849U 11061A   23251.42129455  .00000108  00000-0  71739-4 0  9995
2 37849  98.7069 188.7341 0001444  68.2455  39.4751 14.19563346614740
1 37849U 11061A   23251.56172549  .00000115  00000-0  75126-4 0  9994
2 37849  98.7069 188.8723 0001442  68.1377  36.8407 14.19563393614779
1 37849U 11061A   23251.82758201  .00000125  00000-0  79736-4 0  9990
2 37849  98.7069 189.1337 0001434  67.7387 315.1152 14.19563534614813
1 37849U 11061A   23251.82758201  .00000125  00000-0  79736-4 0  9990
2 37849  98.7069 189.1337 0001434  67.7387 315.1152 14.19563534614802
1 37849U 11061A   23252.06043420  .00000132  00000-0  83187-4 0  9990
2 37849  98.7070 189.3626 0001432  67.6427  64.5156 14.19563650614830
1 37849U 11061A   23252.48047821  .00000110  00000-0  72861-4 0  9998
2 37849  98.7070 189.7757 0001423  66.9537  50.6001 14.19563657614891
1 37849U 11061A   23252.56189745  .00000123  00000-0  79078-4 0  9990
2 37849  98.7070 189.8558 0001422  66.9092 106.4975 14.19563738614919
1 37849U 11061A   23252.81489274  .00000125  00000-0  79887-4 0  9998
2 37849  98.7070 190.1046 0001417  66.6305 318.9626 14.19563840614944
1 37849U 11061A   23253.09414324  .00000136  00000-0  85298-4 0  9998
2 37849  98.7071 190.3792 0001414  66.3620 305.5175 14.19563984614983
1 37849U 11061A   23253.46568194  .00000125  00000-0  79896-4 0  9999
2 37849  98.7071 190.7445 0001406  66.2259  43.3063 14.19564013615034
1 37849U 11061A   23253.52662230  .00000128  00000-0  81268-4 0  9991
2 37849  98.7071 190.8044 0001409  66.2590 354.5291 14.19564043615056
1 37849U 11061A   23253.80703531  .00000137  00000-0  85499-4 0  9992
2 37849  98.7071 191.0802 0001403  66.2050 346.8072 14.19564176615087
1 37849U 11061A   23254.10232593  .00000137  00000-0  85418-4 0  9992
2 37849  98.7072 191.3706 0001404  66.2627  54.9619 14.19564269615127
1 37849U 11061A   23254.45258897  .00000133  00000-0  83789-4 0  9990
2 37849  98.7072 191.7150 0001395  65.8887  44.3227 14.19564354615174
1 37849U 11061A   23254.60596709  .00000132  00000-0  83024-4 0  9995
2 37849  98.7072 191.8658 0001390  65.9928 107.6056 14.19564397615204
1 37849U 11061A   23254.72476524  .00000139  00000-0  86603-4 0  9993
2 37849  98.7072 191.9827 0001385  65.8820 354.4844 14.19564475615212
1 37849U 11061A   23255.08925435  .00000142  00000-0  88145-4 0  9990
2 37849  98.7073 192.3411 0001379  65.7768  56.2374 14.19564624615266
1 37849U 11061A   23255.43884095  .00000123  00000-0  79023-4 0  9999
2 37849  98.7073 192.6849 0001373  65.6151  41.9313 14.19564657615319
1 37849U 11061A   23255.56897660  .00000124  00000-0  79444-4 0  9993
2 37849  98.7073 192.8129 0001370  65.4704 346.7510 14.19564701615349
1 37849U 11061A   23255.78185090  .00000122  00000-0  78568-4 0  9998
2 37849  98.7073 193.0222 0001361  65.3307 354.1578 14.19564787615367
1 37849U 11061A   23255.85355186  .00000147  00000-0  90511-4 0  9990
2 37849  98.7074 193.0927 0001355  65.2380   0.4677 14.19564985615386
1 37849U 11061A   23256.12500589  .00000150  00000-0  91809-4 0  9995
2 37849  98.7074 193.3597 0001357  65.2794 306.8929 14.19565094615412
1 37849U 11061A   23256.42584453  .00000170  00000-0  10104-3 0  9990
2 37849  98.7075 193.6555 0001350  65.1110  43.6115 14.19565302615453
1 37849U 11061A   23256.55216979  .00000162  00000-0  97511-4 0  9998
2 37849  98.7075 193.7798 0001348  64.8918 329.0441 14.19565288615481
1 37849U 11061A   23256.69862220  .00000157  00000-0  95209-4 0  9995
2 37849  98.7075 193.9238 0001341  64.7831 357.1667 14.19565338615497
1 37849U 11061A   23256.91226256  .00000162  00000-0  97415-4 0  9990
2 37849  98.7075 194.1339 0001334  64.7045   8.4255 14.19565434615532
1 37849U 11061A   23257.06407203  .00000164  00000-0  98639-4 0  9991
2 37849  98.7076 194.2832 0001334  64.6592  63.8463 14.19565492615549
1 37849U 11061A   23257.41304340  .00000165  00000-0  98684-4 0  9999
2 37849  98.7076 194.6264 0001327  64.5454  46.3512 14.19565626615595
1 37849U 11061A   23257.55507976  .00000168  00000-0  10026-3 0  9990
2 37849  98.7076 194.7661 0001330  64.6129  51.7424 14.19565674615620
1 37849U 11061A   23257.74831453  .00000170  00000-0  10147-3 0  9998
2 37849  98.7076 194.9561 0001325  64.3929 318.9200 14.19565766615644
1 37849U 11061A   23257.82937056  .00000152  00000-0  92766-4 0  9991
2 37849  98.7076 195.0358 0001319  64.3255  12.9860 14.19565703615661
1 37849U 11061A   23258.09821955  .00000154  00000-0  93571-4 0  9998
2 37849  98.7077 195.3002 0001326  64.2980 306.1752 14.19565796615696
1 37849U 11061A   23258.46986640  .00000170  00000-0  10117-3 0  9994
2 37849  98.7077 195.6657 0001316  63.8510  44.8300 14.19566013615742
1 37849U 11061A   23258.53081000  .00000143  00000-0  88503-4 0  9993
2 37849  98.7077 195.7256 0001321  63.9530 356.0007 14.19565884615766
1 37849U 11061A   23258.74196955  .00000143  00000-0  88351-4 0  9993
2 37849  98.7077 195.9333 0001315  63.8161 354.6474 14.19565968615783
1 37849U 11061A   23259.10773650  .00000130  00000-0  82174-4 0  9990
2 37849  98.7078 196.2930 0001309  63.7473  62.8926 14.19566038615834
1 37849U 11061A   23259.38601855  .00000147  00000-0  90259-4 0  9998
2 37849  98.7078 196.5667 0001304  63.6328  44.3494 14.19566227615876
1 37849U 11061A   23259.52917266  .00000140  00000-0  87178-4 0  9999
2 37849  98.7078 196.7074 0001303  63.6243  55.5259 14.19566220615905
1 37849U 11061A   23259.72886345  .00000142  00000-0  88120-4 0  9994
2 37849  98.7079 196.9038 0001297  63.4826 355.6003 14.19566303615920
1 37849U 11061A   23260.09531436  .00000145  00000-0  89270-4 0  9994
2 37849  98.7079 197.2641 0001294  63.3263  67.4271 14.19566469615978
1 37849U 11061A   23260.57330494  .00000171  00000-0  10187-3 0  9997
2 37849  98.7080 197.7342 0001278  62.8566 349.2634 14.19566807616055
1 37849U 11061A   23260.78607648  .00000171  00000-0  10158-3 0  9996
2 37849  98.7080 197.9435 0001268  62.5928 356.2712 14.19566926616077
1 37849U 11061A   23261.08151355  .00000168  00000-0  10014-3 0  9996
2 37849  98.7080 198.2340 0001266  62.6679  65.1589 14.19567003616118
1 37849U 11061A   23261.42995019  .00000164  00000-0  98318-4 0  9997
2 37849  98.7081 198.5768 0001256  62.3976  45.0909 14.19567086616161
1 37849U 11061A   23261.57027965  .00000169  00000-0  10102-3 0  9998
2 37849  98.7081 198.7147 0001248  62.1277  42.1026 14.19567165616196
1 37849U 11061A   23261.77467409  .00000167  00000-0  99829-4 0  9993
2 37849  98.7081 198.9158 0001242  62.0118   6.1760 14.19567265616216
1 37849U 11061A   23261.84400604  .00000172  00000-0  10221-3 0  9999
2 37849  98.7081 198.9840 0001239  62.0128   0.2926 14.19567343616239
1 37849U 11061A   23262.11582902  .00000171  00000-0  10156-3 0  9998
2 37849  98.7082 199.2513 0001240  62.0106 308.6479 14.19567436616263
1 37849U 11061A   23262.48837885  .00000164  00000-0  98357-4 0  9993
2 37849  98.7082 199.6177 0001231  61.7217  51.7591 14.19567563616310
1 37849U 11061A   23262.75369052  .00000166  00000-0  99323-4 0  9995
2 37849  98.7083 199.8787 0001227  61.5712 327.0063 14.19567702616355
1 37849U 11061A   23263.04108492  .00000172  00000-0  10232-3 0  9995
2 37849  98.7083 200.1613 0001225  61.3694 355.0939 14.19567854616399
1 37849U 11061A   23263.40532799  .00000188  00000-0  10965-3 0  9996
2 37849  98.7084 200.5196 0001221  61.3291  55.5296 14.19568073616447
1 37849U 11061A   23263.62753848  .00000179  00000-0  10574-3 0  9996
2 37849  98.7084 200.7381 0001217  61.0995 110.7139 14.19568108616481
1 37849U 11061A   23263.81577691  .00000184  00000-0  10779-3 0  9990
2 37849  98.7084 200.9233 0001210  61.0309 352.2230 14.19568220616504
1 37849U 11061A   23263.88289993  .00000178  00000-0  10482-3 0  9996
2 37849  98.7084 200.9893 0001208  61.4747 334.6144 14.19568215616527
1 37849U 11061A   23264.04210955  .00000179  00000-0  10557-3 0  9991
2 37849  98.7084 201.1459 0001207  61.4165  67.8464 14.19568273616536
1 37849U 11061A   23264.46102705  .00000188  00000-0  10998-3 0  9999
2 37849  98.7085 201.5579 0001193  61.2025  47.7098 14.19568492616590
1 37849U 11061A   23264.53188955  .00000179  00000-0  10536-3 0  9996
2 37849  98.7085 201.6276 0001194  61.2578  49.5894 14.19568449616618
1 37849U 11061A   23264.80247891  .00000183  00000-0  10749-3 0  9992
2 37849  98.7086 201.8937 0001179  60.8319 352.0691 14.19568601616646
1 37849U 11061A   23264.87763382  .00000188  00000-0  10985-3 0  9994
2 37849  98.7086 201.9677 0001179  60.8959  15.8639 14.19568667616668
1 37849U 11061A   23265.09941213  .00000194  00000-0  11271-3 0  9996
2 37849  98.7086 202.1858 0001183  60.9055  68.6024 14.19568778616684
1 37849U 11061A   23265.44795596  .00000195  00000-0  11314-3 0  9995
2 37849  98.7087 202.5286 0001171  60.8139  48.9057 14.19568947616734
1 37849U 11061A   23265.52072531  .00000200  00000-0  11543-3 0  9992
2 37849  98.7087 202.6002 0001169  60.7604  60.6340 14.19569007616750
1 37849U 11061A   23265.78907641  .00000194  00000-0  11271-3 0  9999
2 37849  98.7087 202.8641 0001154  60.5634 351.4531 14.19569136616785
1 37849U 11061A   23265.86396892  .00000191  00000-0  11125-3 0  9993
2 37849  98.7088 202.9378 0001153  60.5816  13.9538 14.19569169616801
1 37849U 11061A   23266.06314830  .00000196  00000-0  11365-3 0  9999
2 37849  98.7088 203.1336 0001154  60.8248 311.0335 14.19569278616821
1 37849U 11061A   23266.50935462  .00000189  00000-0  11036-3 0  9995
2 37849  98.7089 203.5725 0001135  60.4185  70.4703 14.19569446616881
1 37849U 11061A   23266.77696810  .00000185  00000-0  10838-3 0  9990
2 37849  98.7089 203.8357 0001122  60.2678 357.4763 14.19569581616925
1 37849U 11061A   23267.05921226  .00000173  00000-0  10253-3 0  9992
2 37849  98.7090 204.1133 0001127  60.5231 358.8035 14.19569668616963
1 37849U 11061A   23267.42162538  .00000162  00000-0  97526-4 0  9993
2 37849  98.7091 204.4698 0001120  60.3788  49.9989 14.19569785617014
1 37849U 11061A   23267.56155218  .00000175  00000-0  10380-3 0  9991
2 37849  98.7091 204.6074 0001111  60.1944  44.8698 14.19569914617044
1 37849U 11061A   23267.76325521  .00000172  00000-0  10225-3 0  9994
2 37849  98.7091 204.8058 0001098  59.8852 355.3921 14.19570013617068
1 37849U 11061A   23267.89837799  .00000170  00000-0  10104-3 0  9997
2 37849  98.7091 204.9387 0001093  59.8213 325.6057 14.19570075617091
1 37849U 11061A   23268.13025946  .00000219  00000-0  12459-3 0  9997
2 37849  98.7092 205.1668 0001095  60.1229  69.6570 14.19570501617113
1 37849U 11061A   23268.40811091  .00000229  00000-0  12932-3 0  9998
2 37849  98.7092 205.4401 0001087  59.9108  49.0166 14.19570695617155
1 37849U 11061A   23268.56194738  .00000194  00000-0  11257-3 0  9997
2 37849  98.7092 205.5914 0001091  60.1523 114.5052 14.19570497617180
1 37849U 11061A   23268.82008187  .00000194  00000-0  11241-3 0  9991
2 37849  98.7092 205.8454 0001082  60.0084 353.0905 14.19570635617218
1 37849U 11061A   23268.89421316  .00000199  00000-0  11490-3 0  9992
2 37849  98.7093 205.9183 0001076  60.0787  11.6516 14.19570703617235
1 37849U 11061A   23269.04636870  .00000197  00000-0  11404-3 0  9996
2 37849  98.7093 206.0679 0001078  60.2684  68.6079 14.19570750617246
1 37849U 11061A   23269.46579918  .00000208  00000-0  11916-3 0  9992
2 37849  98.7093 206.4805 0001068  60.1680  50.9814 14.19570948617302
1 37849U 11061A   23269.53617392  .00000219  00000-0  12472-3 0  9999
2 37849  98.7093 206.5497 0001068  60.2627  50.3317 14.19571070617323
1 37849U 11061A   23269.73822987  .00000217  00000-0  12370-3 0  9994
2 37849  98.7094 206.7485 0001066  60.0701   2.5408 14.19571175617340
1 37849U 11061A   23269.88188841  .00000219  00000-0  12462-3 0  9998
2 37849  98.7094 206.8898 0001065  60.4095  15.9487 14.19571264617375
1 37849U 11061A   23270.03347861  .00000217  00000-0  12334-3 0  9992
2 37849  98.7094 207.0389 0001066  60.5201  70.0968 14.19571316617389
1 37849U 11061A   23270.38132707  .00000203  00000-0  11672-3 0  9990
2 37849  98.7095 207.3811 0001053  60.3310  46.9490 14.19571421617433
1 37849U 11061A   23270.52466412  .00000201  00000-0  11572-3 0  9996
2 37849  98.7095 207.5221 0001045  60.2067  59.1785 14.19571456617463
1 37849U 11061A   23270.79348705  .00000191  00000-0  11140-3 0  9998
2 37849  98.7095 207.7865 0001031  59.9977 352.4219 14.19571572617492
1 37849U 11061A   23271.07732575  .00000189  00000-0  11040-3 0  9998
2 37849  98.7095 208.0657 0001026  60.0259   2.1227 14.19571696617535
1 37849U 11061A   23271.51326709  .00000186  00000-0  10880-3 0  9993
2 37849  98.7096 208.4946 0001011  59.9608  68.7933 14.19571901617597
1 37849U 11061A   23271.57912885  .00000183  00000-0  10755-3 0  9993
2 37849  98.7096 208.5593 0001009  59.9468  45.2015 14.19571923617615
1 37849U 11061A   23271.78191360  .00000176  00000-0  10388-3 0  9997
2 37849  98.7096 208.7588 0001001  59.9158   0.9720 14.19572015617635
1 37849U 11061A   23271.85335875  .00000166  00000-0  99375-4 0  9999
2 37849  98.7096 208.8291 0000999  59.9734   5.8263 14.19572007617651
1 37849U 11061A   23272.06371941  .00000161  00000-0  97148-4 0  9998
2 37849  98.7097 209.0360 0000995  59.8766   0.3572 14.19572083617671
1 37849U 11061A   23272.50047720  .00000178  00000-0  10499-3 0  9993
2 37849  98.7097 209.4657 0000992  60.0031  71.0071 14.19572376617731
1 37849U 11061A   23272.55594168  .00000176  00000-0  10431-3 0  9995
2 37849  98.7097 209.5202 0000991  59.9877 354.3120 14.19572396617758
1 37849U 11061A   23272.77330740  .00000176  00000-0  10399-3 0  9996
2 37849  98.7098 209.7341 0000979  59.8139  24.6992 14.19572520617776
1 37849U 11061A   23273.11135233  .00000166  00000-0  99300-4 0  9994
2 37849  98.7098 210.0666 0000978  60.0439 311.0618 14.19572636617829
1 37849U 11061A   23273.28077417  .00000172  00000-0  10221-3 0  9992
2 37849  98.7099 210.2333 0000977  60.2344  96.2073 14.19572749617854
1 37849U 11061A   23273.56613385  .00000176  00000-0  10391-3 0  9995
2 37849  98.7099 210.5140 0000962  59.6319 114.3087 14.19572880617887
1 37849U 11061A   23273.75468970  .00000175  00000-0  10351-3 0  9999
2 37849  98.7099 210.6995 0000955  59.6702 357.3353 14.19572977617910
1 37849U 11061A   23274.09803977  .00000188  00000-0  11002-3 0  9995
2 37849  98.7100 211.0372 0000963  59.9666 310.7287 14.19573206617968
1 37849U 11061A   23274.47022751  .00000219  00000-0  12471-3 0  9996
2 37849  98.7101 211.4033 0000953  59.7267  51.9498 14.19573566618015
1 37849U 11061A   23274.62319047  .00000204  00000-0  11749-3 0  9991
2 37849  98.7101 211.5538 0000952  59.8834 113.0642 14.19573536618047
1 37849U 11061A   23274.81118711  .00000201  00000-0  11587-3 0  9994
2 37849  98.7101 211.7387 0000946  59.8145 353.3422 14.19573625618065
1 37849U 11061A   23274.87995476  .00000203  00000-0  11701-3 0  9991
2 37849  98.7102 211.8064 0000945  59.9123 344.4811 14.19573678618088
1 37849U 11061A   23275.08478274  .00000202  00000-0  11638-3 0  9995
2 37849  98.7102 212.0079 0000944  60.1439 310.4264 14.19573761618101
1 37849U 11061A   23275.45615053  .00000211  00000-0  12067-3 0  9991
2 37849  98.7103 212.3732 0000935  60.0729  47.2908 14.19573989618159
1 37849U 11061A   23275.87123211  .00000214  00000-0  12231-3 0  9993
2 37849  98.7103 212.7815 0000919  60.2764   7.1534 14.19574225618219
1 37849U 11061A   23276.16217017  .00000211  00000-0  12072-3 0  9994
2 37849  98.7104 213.0677 0000917  60.7680  52.6536 14.19574331618259
1 37849U 11061A   23276.51689125  .00000213  00000-0  12163-3 0  9999
2 37849  98.7104 213.4167 0000909  60.9212  64.2704 14.19574526618309
1 37849U 11061A   23276.59841513  .00000208  00000-0  11923-3 0  9995
2 37849  98.7105 213.4969 0000905  60.7740 120.8080 14.19574542618326
1 37849U 11061A   23276.85930056  .00000216  00000-0  12304-3 0  9998
2 37849  98.7105 213.7535 0000894  60.7906  13.2876 14.19574742618352
1 37849U 11061A   23277.15098853  .00000233  00000-0  13095-3 0  9999
2 37849  98.7106 214.0405 0000893  61.1545  62.7466 14.19574968618394
1 37849U 11061A   23277.42981043  .00000235  00000-0  13186-3 0  9994
2 37849  98.7107 214.3148 0000881  61.0878  46.9219 14.19575140618435
1 37849U 11061A   23277.58348106  .00000244  00000-0  13623-3 0  9994
2 37849  98.7107 214.4659 0000872  61.1089 111.7880 14.19575281618462
1 37849U 11061A   23277.77211215  .00000237  00000-0  13322-3 0  9993
2 37849  98.7107 214.6515 0000868  61.2367 355.1110 14.19575380618482
1 37849U 11061A   23277.91629962  .00000237  00000-0  13314-3 0  9992
2 37849  98.7107 214.7934 0000864  61.5803  11.2183 14.19575468618513
1 37849U 11061A   23278.11566571  .00000236  00000-0  13244-3 0  9992
2 37849  98.7108 214.9895 0000865  61.6766 309.4030 14.19575571618532
1 37849U 11061A   23278.41653072  .00000266  00000-0  14699-3 0  9996
2 37849  98.7108 215.2855 0000861  62.0725  45.7037 14.19575925618572
1 37849U 11061A   23278.57032378  .00000257  00000-0  14235-3 0  9999
2 37849  98.7109 215.4368 0000857  61.9293 111.3596 14.19575954618603
1 37849U 11061A   23278.83009226  .00000260  00000-0  14378-3 0  9996
2 37849  98.7109 215.6923 0000852  62.1514 357.9298 14.19576135618638
1 37849U 11061A   23278.90272155  .00000254  00000-0  14110-3 0  9994
2 37849  98.7109 215.7638 0000852  62.2136   8.8285 14.19576142618651
1 37849U 11061A   23279.05498059  .00000257  00000-0  14269-3 0  9992
2 37849  98.7110 215.9136 0000851  62.3990  66.3207 14.19576225618662
1 37849U 11061A   23279.47447024  .00000274  00000-0  15069-3 0  9992
2 37849  98.7110 216.3262 0000841  61.9240  49.3792 14.19576554618721
1 37849U 11061A   23279.62765846  .00000267  00000-0  14743-3 0  9994
2 37849  98.7110 216.4769 0000836  62.0830 111.6440 14.19576611618755
1 37849U 11061A   23279.81672913  .00000270  00000-0  14849-3 0  9998
2 37849  98.7111 216.6630 0000831  62.2422 357.1818 14.19576743618773
1 37849U 11061A   23279.89039409  .00000270  00000-0  14855-3 0  9990
2 37849  98.7111 216.7354 0000830  62.3372  13.3379 14.19576786618793
1 37849U 11061A   23280.08921149  .00000269  00000-0  14837-3 0  9992
2 37849  98.7111 216.9310 0000832  62.3537 308.8007 14.19576889618819
1 37849U 11061A   23280.46091980  .00000261  00000-0  14453-3 0  9991
2 37849  98.7111 217.2967 0000827  62.7836  46.9075 14.19577055618867
1 37849U 11061A   23280.53163264  .00000269  00000-0  14833-3 0  9994
2 37849  98.7111 217.3663 0000827  63.0008  47.8632 14.19577129618889
1 37849U 11061A   23280.80222924  .00000270  00000-0  14856-3 0  9990
2 37849  98.7112 217.6325 0000819  63.2586 349.7045 14.19577305618914
1 37849U 11061A   23280.87737262  .00000273  00000-0  15026-3 0  9996
2 37849  98.7112 217.7064 0000818  63.3671  13.3985 14.19577372618933
1 37849U 11061A   23281.09915169  .00000268  00000-0  14767-3 0  9990
2 37849  98.7112 217.9246 0000816  63.9009  65.6235 14.19577470618955
1 37849U 11061A   23281.44744993  .00000272  00000-0  14957-3 0  9990
2 37849  98.7112 218.2673 0000803  64.0124  44.4804 14.19577712619002
1 37849U 11061A   23281.60113493  .00000277  00000-0  15195-3 0  9993
2 37849  98.7113 218.4185 0000796  64.0144 109.4403 14.19577828619034
1 37849U 11061A   23281.79456088  .00000275  00000-0  15096-3 0  9991
2 37849  98.7113 218.6088 0000794  64.1147  17.2829 14.19577968619055
1 37849U 11061A   23281.86370429  .00000264  00000-0  14587-3 0  9995
2 37849  98.7113 218.6768 0000794  64.3858  10.1688 14.19577969619079
1 37849U 11061A   23282.08553476  .00000261  00000-0  14438-3 0  9997
2 37849  98.7113 218.8951 0000789  64.9405  62.6361 14.19578096619097
1 37849U 11061A   23282.36379340  .00000262  00000-0  14489-3 0  9991
2 37849  98.7114 219.1689 0000781  65.4636  43.3479 14.19578295619136
1 37849U 11061A   23282.58775743  .00000251  00000-0  13971-3 0  9995
2 37849  98.7114 219.3892 0000776  65.9268 106.8041 14.19578359619179
1 37849U 11061A   23282.77698685  .00000243  00000-0  13567-3 0  9997
2 37849  98.7114 219.5754 0000769  66.2746 352.9653 14.19578460619193
1 37849U 11061A   23282.92055306  .00000256  00000-0  14188-3 0  9995
2 37849  98.7115 219.7166 0000765  66.5107   6.0091 14.19578652619223
1 37849U 11061A   23283.07242181  .00000259  00000-0  14322-3 0  9994
2 37849  98.7115 219.8660 0000764  66.8190  61.3865 14.19578753619233
1 37849U 11061A   23283.42094649  .00000266  00000-0  14681-3 0  9993
2 37849  98.7116 220.2089 0000758  67.2579  41.0744 14.19579024619282
1 37849U 11061A   23283.57458737  .00000271  00000-0  14921-3 0  9994
2 37849  98.7116 220.3601 0000753  67.1291 105.9402 14.19579127619317
1 37849U 11061A   23283.76302605  .00000274  00000-0  15032-3 0  9994
2 37849  98.7116 220.5455 0000745  67.2045 348.3355 14.19579274619330
1 37849U 11061A   23283.90697160  .00000257  00000-0  14264-3 0  9990
2 37849  98.7117 220.6871 0000744  67.4251   3.3322 14.19579286619362
1 37849U 11061A   23284.12718498  .00000268  00000-0  14761-3 0  9997
2 37849  98.7117 220.9038 0000743  68.2751  47.2459 14.19579447619382
1 37849U 11061A   23284.47876519  .00000279  00000-0  15289-3 0  9992
2 37849  98.7117 221.2497 0000743  68.8586  42.3961 14.19579723619434
1 37849U 11061A   23284.63193525  .00000288  00000-0  15716-3 0  9994
2 37849  98.7118 221.4004 0000735  68.8864 104.7013 14.19579861619468
1 37849U 11061A   23284.81977191  .00000283  00000-0  15516-3 0  9996
2 37849  98.7106 221.5842 0000682  88.8646 324.1019 14.19533568619487
1 37849U 11061A   23285.18852420  .00000283  00000-0  15479-3 0  9992
2 37849  98.7120 221.9478 0000662  84.1064  52.2403 14.19533437619530
1 37849U 11061A   23285.46515053  .00000283  00000-0  15472-3 0  9994
2 37849  98.7119 222.2199 0000633  82.8737  26.3272 14.19534310619573
1 37849U 11061A   23285.61855968  .00000287  00000-0  15692-3 0  9991
2 37849  98.7120 222.3710 0000622  83.3306  89.3995 14.19534595619601
1 37849U 11061A   23285.61855968  .00000287  00000-0  15692-3 0  9991
2 37849  98.7120 222.3710 0000622  83.3306  89.3995 14.19534595619599
1 37849U 11061A   23285.87542413  .00000283  00000-0  15494-3 0  9993
2 37849  98.7120 222.6237 0000620  84.0726 320.5793 14.19534771619646
1 37849U 11061A   23286.17072519  .00000438  00000-0  22839-3 0  9995
2 37849  98.7121 222.9142 0000622  85.1721  27.7142 14.19535096619672
1 37849U 11061A   23286.52286463  .00000430  00000-0  22466-3 0  9997
2 37849  98.7122 223.2606 0000621  86.1028  25.3184 14.19535536619727
1 37849U 11061A   23286.60550963  .00000402  00000-0  21151-3 0  9994
2 37849  98.7122 223.3420 0000612  86.7596  86.7667 14.19535536619747
1 37849U 11061A   23286.79324648  .00000400  00000-0  21032-3 0  9999
2 37849  98.7122 223.5267 0000608  87.1503 325.2328 14.19535718619765
1 37849U 11061A   23286.86833274  .00000414  00000-0  21692-3 0  9994
2 37849  98.7123 223.6006 0000613  87.4169 348.4658 14.19535856619783
1 37849U 11061A   23287.15772554  .00000324  00000-0  17445-3 0  9991
2 37849  98.7123 223.8853 0000613  88.0655  25.8759 14.19535778619817
1 37849U 11061A   23287.43848262  .00000332  00000-0  17830-3 0  9999
2 37849  98.7123 224.1615 0000610  88.7121  19.1826 14.19536014619858
1 37849U 11061A   23287.57892931  .00000316  00000-0  17069-3 0  9992
2 37849  98.7123 224.2997 0000613  88.9846  16.2345 14.19535997619887
1 37849U 11061A   23287.85500167  .00000271  00000-0  14939-3 0  9993
2 37849  98.7124 224.5714 0000619  89.7920 345.4531 14.19536058619913
1 37849U 11061A   23287.92489565  .00000263  00000-0  14547-3 0  9995
2 37849  98.7124 224.6401 0000623  90.0138 342.2114 14.19536074619930
1 37849U 11061A   23288.14656243  .00000263  00000-0  14568-3 0  9992
2 37849  98.7124 224.8583 0000629  90.4736  33.9039 14.19536206619956
1 37849U 11061A   23288.50029598  .00000245  00000-0  13704-3 0  9990
2 37849  98.7125 225.2063 0000631  91.1550  39.8997 14.19536334620008
1 37849U 11061A   23288.57905488  .00000247  00000-0  13765-3 0  9997
2 37849  98.7125 225.2838 0000633  91.4628  81.8493 14.19536383620023
1 37849U 11061A   23288.84179069  .00000239  00000-0  13393-3 0  9993
2 37849  98.7126 225.5423 0000631  91.9986 343.2245 14.19536535620059
1 37849U 11061A   23288.90614285  .00000236  00000-0  13269-3 0  9993
2 37849  98.7126 225.6056 0000634  92.2064 311.6924 14.19536564620073
1 37849U 11061A   23289.11115078  .00000239  00000-0  13403-3 0  9996
2 37849  98.7126 225.8073 0000642  92.5815 278.3858 14.19536685620091
1 37849U 11061A   23289.35159653  .00000235  00000-0  13232-3 0  9995
2 37849  98.7126 226.0439 0000643  93.3118  65.7210 14.19536816620126
1 37849U 11061A   23289.48324036  .00000223  00000-0  12663-3 0  9992
2 37849  98.7127 226.1734 0000645  93.5169  17.8807 14.19536838620142
1 37849U 11061A   23289.55331800  .00000223  00000-0  12651-3 0  9994
2 37849  98.7127 226.2424 0000645  93.4124  15.9035 14.19536858620165
1 37849U 11061A   23289.81870388  .00000228  00000-0  12893-3 0  9995
2 37849  98.7127 226.5035 0000643  93.7698 290.9927 14.19537037620191
1 37849U 11061A   23289.89832854  .00000230  00000-0  12999-3 0  9999
2 37849  98.7128 226.5818 0000649  93.8075 337.6343 14.19537083620212
1 37849U 11061A   23289.89832854  .00000230  00000-0  12999-3 0  9999
2 37849  98.7128 226.5818 0000649  93.8075 337.6343 14.19537083620201
1 37849U 11061A   23290.46970223  .00000219  00000-0  12479-3 0  9997
2 37849  98.7128 227.1440 0000658  94.8643  14.8429 14.19537295620283
1 37849U 11061A   23290.54030150  .00000230  00000-0  12956-3 0  9995
2 37849  98.7128 227.2134 0000657  94.1117  16.1782 14.19537380620307
1 37849U 11061A   23290.80596928  .00000230  00000-0  12973-3 0  9993
2 37849  98.7129 227.4748 0000660  94.5756 292.6010 14.19537527620339
1 37849U 11061A   23291.17493664  .00000229  00000-0  12916-3 0  9992
2 37849  98.7130 227.8379 0000668  96.4103  15.2509 14.19537655620390
1 37849U 11061A   23291.52726189  .00000237  00000-0  13291-3 0  9998
2 37849  98.7131 228.1846 0000663  97.0576  14.0900 14.19537873620439
1 37849U 11061A   23291.80325080  .00000234  00000-0  13171-3 0  9998
2 37849  98.7132 228.4562 0000658  97.7687 342.9809 14.19538021620473
1 37849U 11061A   23291.87269484  .00000238  00000-0  13353-3 0  9996
2 37849  98.7132 228.5245 0000660  97.9553 337.4769 14.19538094620495
1 37849U 11061A   23292.16206837  .00000255  00000-0  14143-3 0  9999
2 37849  98.7132 228.8093 0000667  98.7878  14.6080 14.19538307620526
1 37849U 11061A   23292.51679065  .00000277  00000-0  15205-3 0  9999
2 37849  98.7133 229.1583 0000667  99.6562  25.4699 14.19538601620573
1 37849U 11061A   23292.58362250  .00000267  00000-0  14724-3 0  9995
2 37849  98.7133 229.2241 0000673  99.6775   6.7895 14.19538594620591
1 37849U 11061A   23292.85922566  .00000256  00000-0  14199-3 0  9991
2 37849  98.7134 229.4953 0000676 100.2953 333.8041 14.19538719620635
1 37849U 11061A   23292.85922566  .00000255  00000-0  14189-3 0  9999
2 37849  98.7134 229.4953 0000676 100.3148 333.7847 14.19538719620624
1 37849U 11061A   23293.15092549  .00000231  00000-0  13023-3 0  9992
2 37849  98.7135 229.7823 0000686 101.0645  22.8802 14.19538721620669
1 37849U 11061A   23293.50589839  .00000236  00000-0  13250-3 0  9991
2 37849  98.7135 230.1316 0000679 101.8612  35.0943 14.19538931620717
1 37849U 11061A   23293.56997862  .00000233  00000-0  13106-3 0  9993
2 37849  98.7135 230.1947 0000682 101.8921   2.3507 14.19538950620730
1 37849U 11061A   23293.84621767  .00000213  00000-0  12165-3 0  9994
2 37849  98.7136 230.4665 0000684 102.5582 332.5651 14.19539034620769
1 37849U 11061A   23293.91624271  .00000210  00000-0  12017-3 0  9998
2 37849  98.7136 230.5354 0000690 102.6803 330.0932 14.19539052620786
1 37849U 11061A   23294.06810984  .00000211  00000-0  12061-3 0  9993
2 37849  98.7136 230.6849 0000697 102.7892  25.6400 14.19539129620795
1 37849U 11061A   23294.48798168  .00000229  00000-0  12923-3 0  9994
2 37849  98.7137 231.0981 0000709 103.2076   9.7020 14.19539456620853
1 37849U 11061A   23294.57022529  .00000197  00000-0  11403-3 0  9991
2 37849  98.7137 231.1790 0000714 103.2087  69.7568 14.19539309620872
1 37849U 11061A   23294.82945873  .00000201  00000-0  11589-3 0  9996
2 37849  98.7138 231.4341 0000724 103.2148 313.7761 14.19539459620904
1 37849U 11061A   23294.90270347  .00000192  00000-0  11165-3 0  9991
2 37849  98.7138 231.5061 0000729 103.3587 327.7272 14.19539454620926
1 37849U 11061A   23295.19106352  .00000184  00000-0  10812-3 0  9996
2 37849  98.7139 231.7899 0000740 103.4974   0.3768 14.19539542620957
1 37849U 11061A   23295.47424196  .00000193  00000-0  11229-3 0  9999
2 37849  98.7139 232.0686 0000746 103.7292   6.4690 14.19539702620990
1 37849U 11061A   23295.62747767  .00000182  00000-0  10688-3 0  9994
2 37849  98.7139 232.2194 0000738 103.9534  68.8911 14.19539717621027
1 37849U 11061A   23295.82033819  .00000213  00000-0  12181-3 0  9997
2 37849  98.7140 232.4092 0000742 104.1327 333.7407 14.19539994621049
1 37849U 11061A   23295.88264079  .00000208  00000-0  11925-3 0  9996
2 37849  98.7140 232.4705 0000742 104.3878 291.6940 14.19540015621065
1 37849U 11061A   23296.18468208  .00000201  00000-0  11594-3 0  9995
2 37849  98.7140 232.7677 0000747 104.9699  33.7775 14.19540099621094
1 37849U 11061A   23296.46089655  .00000197  00000-0  11425-3 0  9998
2 37849  98.7141 233.0395 0000749 105.3398   4.1639 14.19540222621133
1 37849U 11061A   23296.87574698  .00000182  00000-0  10686-3 0  9991
2 37849  98.7142 233.4478 0000753 106.0390 322.2995 14.19540338621198
1 37849U 11061A   23296.87740410  .00000182  00000-0  10713-3 0  9999
2 37849  98.7142 233.4494 0000758 106.0247 330.7775 14.19540333621209
1 37849U 11061A   23297.16640560  .00000175  00000-0  10349-3 0  9994
2 37849  98.7142 233.7338 0000765 106.1889   6.6791 14.19540413621239
1 37849U 11061A   23297.52049618  .00000164  00000-0  98448-4 0  9996
2 37849  98.7143 234.0823 0000766 106.7485  14.6260 14.19540535621282
1 37849U 11061A   23297.60116163  .00000162  00000-0  97403-4 0  9993
2 37849  98.7143 234.1616 0000766 106.9675  66.4032 14.19540557621305
1 37849U 11061A   23298.57468432  .00000134  00000-0  84446-4 0  9991
2 37849  98.7144 235.1197 0000787 107.9506 357.6576 14.19540904621436
1 37849U 11061A   23298.92063399  .00000138  00000-0  86250-4 0  9992
2 37849  98.7145 235.4602 0000798 108.0052 324.5307 14.19541090621499
1 37849U 11061A   23299.12028472  .00000139  00000-0  86407-4 0  9993
2 37849  98.7146 235.6566 0000807 108.8245 263.4217 14.19541166621512
1 37849U 11061A   23299.49611226  .00000129  00000-0  81703-4 0  9991
2 37849  98.7146 236.0265 0000813 109.0826  22.6918 14.19541292621566
1 37849U 11061A   23299.55146262  .00000126  00000-0  80523-4 0  9997
2 37849  98.7146 236.0809 0000813 109.1346 305.3402 14.19541305621584
1 37849U 11061A   23299.83763567  .00000136  00000-0  85341-4 0  9995
2 37849  98.7147 236.3625 0000822 109.2850 326.8107 14.19541497621622
1 37849U 11061A   23299.83763567  .00000136  00000-0  85341-4 0  9995
2 37849  98.7147 236.3625 0000822 109.2850 326.8107 14.19541497621611
1 37849U 11061A   23300.19569806  .00000164  00000-0  98435-4 0  9996
2 37849  98.7148 236.7149 0000828 109.2695 355.6201 14.19541792621668
1 37849U 11061A   23300.48328602  .00000147  00000-0  90250-4 0  9993
2 37849  98.7148 236.9980 0000839 109.3340  24.4031 14.19541808621708
1 37849U 11061A   23300.55044127  .00000158  00000-0  95508-4 0  9991
2 37849  98.7148 237.0640 0000837 109.2760   7.4548 14.19541871621722
1 37849U 11061A   23300.81453788  .00000154  00000-0  93754-4 0  9994
2 37849  98.7149 237.3239 0000846 109.4121 276.1849 14.19541959621752
1 37849U 11061A   23300.89405966  .00000157  00000-0  95112-4 0  9990
2 37849  98.7149 237.4022 0000849 109.4621 322.2902 14.19542013621778
1 37849U 11061A   23300.96276002  .00000155  00000-0  94400-4 0  9992
2 37849  98.7149 237.4698 0000853 109.4263 313.2113 14.19542027621773
1 37849U 11061A   23301.46678410  .00000157  00000-0  95127-4 0  9996
2 37849  98.7150 237.9658 0000867 109.3896   7.5372 14.19542193621844
1 37849U 11061A   23301.61876682  .00000174  00000-0  10332-3 0  9997
2 37849  98.7150 238.1154 0000855 109.7662  63.4088 14.19542347621879
1 37849U 11061A   23301.80176485  .00000177  00000-0  10462-3 0  9999
2 37849  98.7151 238.2955 0000861 109.8739 277.9589 14.19542442621899
1 37849U 11061A   23301.88175431  .00000177  00000-0  10477-3 0  9993
2 37849  98.7151 238.3742 0000868 109.9036 326.4734 14.19542491621911
1 37849U 11061A   23302.17072053  .00000197  00000-0  11403-3 0  9994
2 37849  98.7152 238.6586 0000878 109.8730   2.3919 14.19542698621949
1 37849U 11061A   23302.52453806  .00000193  00000-0  11230-3 0  9996
2 37849  98.7152 239.0069 0000884 110.1664   9.2131 14.19542832621995
1 37849U 11061A   23302.60589439  .00000196  00000-0  11359-3 0  9992
2 37849  98.7152 239.0869 0000886 110.2012  64.7039 14.19542877622019
1 37849U 11061A   23302.79349309  .00000195  00000-0  11337-3 0  9997
2 37849  98.7153 239.2716 0000891 110.2828 302.7783 14.19542969622039
1 37849U 11061A   23302.86850899  .00000192  00000-0  11177-3 0  9995
2 37849  98.7153 239.3454 0000897 110.2618 325.9412 14.19542991622055
1 37849U 11061A   23303.15993160  .00000201  00000-0  11608-3 0  9997
2 37849  98.7153 239.6323 0000904 110.2692  14.3681 14.19543157622089
1 37849U 11061A   23303.51316391  .00000205  00000-0  11787-3 0  9994
2 37849  98.7154 239.9799 0000904 110.7195  18.0442 14.19543319622135
1 37849U 11061A   23303.85497299  .00000207  00000-0  11900-3 0  9997
2 37849  98.7155 240.3163 0000910 111.1064 323.4399 14.19543516622182
1 37849U 11061A   23304.05396235  .00000197  00000-0  11436-3 0  9990
2 37849  98.7155 240.5122 0000920 111.0249 259.8553 14.19543571622213
1 37849U 11061A   23304.50039522  .00000187  00000-0  10951-3 0  9993
2 37849  98.7156 240.9516 0000925 111.1391  19.8876 14.19543727622270
1 37849U 11061A   23304.57908892  .00000186  00000-0  10888-3 0  9993
2 37849  98.7156 241.0291 0000925 111.2338  61.7193 14.19543758622298
1 37849U 11061A   23304.84188567  .00000183  00000-0  10760-3 0  9998
2 37849  98.7157 241.2877 0000934 111.1212 324.0610 14.19543877622326
1 37849U 11061A   23304.90624111  .00000184  00000-0  10777-3 0  9994
2 37849  98.7157 241.3510 0000936 111.1578 292.7186 14.19543905622341
1 37849U 11061A   23305.13407461  .00000189  00000-0  11041-3 0  9997
2 37849  98.7157 241.5753 0000941 111.2368  16.2946 14.19544021622361
1 37849U 11061A   23305.48333361  .00000184  00000-0  10810-3 0  9990
2 37849  98.7158 241.9191 0000943 111.3685 359.9967 14.19544181622410
1 37849U 11061A   23305.55349681  .00000165  00000-0  98934-4 0  9993
2 37849  98.7158 241.9881 0000949 111.2254 358.4969 14.19544106622438
1 37849U 11061A   23305.82523873  .00000166  00000-0  99544-4 0  9999
2 37849  98.7159 242.2556 0000955 111.1628 306.4763 14.19544235622464
1 37849U 11061A   23305.89841854  .00000172  00000-0  10223-3 0  9991
2 37849  98.7159 242.3276 0000958 111.1615 320.2423 14.19544298622481
1 37849U 11061A   23306.19274933  .00000186  00000-0  10885-3 0  9992
2 37849  98.7160 242.6173 0000968 111.0517  23.6414 14.19544498622513
1 37849U 11061A   23306.53055059  .00000184  00000-0  10814-3 0  9996
2 37849  98.7160 242.9498 0000977 111.1995 308.8079 14.19544637622562
1 37849U 11061A   23306.62320507  .00000184  00000-0  10789-3 0  9990
2 37849  98.7161 243.0410 0000978 111.3250  61.9135 14.19544670622585
1 37849U 11061A   23306.81113431  .00000189  00000-0  11031-3 0  9993
2 37849  98.7161 243.2260 0000986 111.4572 301.6268 14.19544778622600
1 37849U 11061A   23306.88611417  .00000187  00000-0  10937-3 0  9999
2 37849  98.7161 243.2998 0000989 111.4480 324.5944 14.19544806622628
1 37849U 11061A   23307.17503059  .00000198  00000-0  11484-3 0  9994
2 37849  98.7162 243.5841 0001002 111.3373   0.3411 14.19544991622652
1 37849U 11061A   23307.45629647  .00000193  00000-0  11247-3 0  9999
2 37849  98.7162 243.8610 0001004 111.3601 356.8795 14.19545113622690
1 37849U 11061A   23307.60994847  .00000204  00000-0  11759-3 0  9994
2 37849  98.7163 244.0122 0001006 111.5060  61.5090 14.19545243622721
1 37849U 11061A   23307.87136951  .00000208  00000-0  11938-3 0  9990
2 37849  98.7163 244.2696 0001011 111.5401 316.6792 14.19545387622759
1 37849U 11061A   23308.16424072  .00000222  00000-0  12595-3 0  9993
2 37849  98.7164 244.5578 0001024 111.3751  12.6797 14.19545602622794
1 37849U 11061A   23308.44313128  .00000214  00000-0  12208-3 0  9995
2 37849  98.7164 244.8323 0001022 111.5885 356.8963 14.19545731622839
1 37849U 11061A   23308.59687559  .00000205  00000-0  11778-3 0  9994
2 37849  98.7164 244.9836 0001029 111.6091  62.1227 14.19545759622869
1 37849U 11061A   23308.85787479  .00000219  00000-0  12463-3 0  9992
2 37849  98.7165 245.2405 0001026 111.9842 314.7983 14.19546023622893
1 37849U 11061A   23308.92342234  .00000219  00000-0  12435-3 0  9995
2 37849  98.7165 245.3050 0001029 112.0053 289.5606 14.19546052622915
1 37849U 11061A   23309.15099537  .00000249  00000-0  13872-3 0  9995
2 37849  98.7165 245.5291 0001038 111.8482  12.0446 14.19546350622931
1 37849U 11061A   23309.49168733  .00000270  00000-0  14881-3 0  9992
2 37849  98.7165 245.8644 0001037 111.8656 312.1082 14.19546658622984
1 37849U 11061A   23309.58349057  .00000245  00000-0  13689-3 0  9999
2 37849  98.7166 245.9548 0001039 111.9126  60.9449 14.19546553623007
1 37849U 11061A   23309.84371726  .00000234  00000-0  13158-3 0  9995
2 37849  98.7166 246.2109 0001044 111.9263 310.0363 14.19546666623034
1 37849U 11061A   23309.90993097  .00000311  00000-0  16828-3 0  9996
2 37849  98.7166 246.2761 0001055 111.7020 288.4482 14.19547244623054